An empty tree:    __
                                27;  
                                / \ 
                              9;18;  36;45;54;  
                              / | \ / / \ \ 
                            3;6;  12;15;  21;24;  30;33;  39;42;  48;51;  57;60;63;  
                            / | \ / | \ / | \ / | \ / | \ / | \ / / \ \ 
                          1;2;  4;5;  7;8;  10;11;  13;14;  16;17;  19;20;  22;23;  25;26;  28;29;  31;32;  34;35;  37;38;  40;41;  43;44;  46;47;  49;50;  52;53;  55;56;  58;59;  61;62;  64;65;  
                          
__

Adding 25 elements sorted: 
Time: 0 seconds
                                9;  
                                / \ 
                              3;6;  12;15;18;21;  
                              / | \ / / | \ \ 
                            1;2;  4;5;  7;8;  10;11;  13;14;  16;17;  19;20;  22;23;24;25;  
                            
__

Adding 25 elements unsorted: 
Time: 0 seconds
                                14;  
                                / \ 
                              4;8;11;  18;21;  
                              / / \ \ / | \ 
                            0;1;2;3;  5;6;7;  9;10;  12;13;  15;16;17;  19;20;  22;23;24;  
                            
__

Adding 50 elements sorted: 
Time: 0 seconds
                                9;18;27;36;  
                                / / | \ \ 
                              3;6;  12;15;  21;24;  30;33;  39;42;45;48;  
                              / | \ / | \ / | \ / | \ / / | \ \ 
                            1;2;  4;5;  7;8;  10;11;  13;14;  16;17;  19;20;  22;23;  25;26;  28;29;  31;32;  34;35;  37;38;  40;41;  43;44;  46;47;  49;50;  
                            
__

Adding 50 elements unsorted: 
Time: 0 seconds
                                14;30;  
                                / | \ 
                              4;9;  17;20;23;26;  34;38;41;46;  
                              / | \ / / | \ \ / / | \ \ 
                            0;1;2;3;  5;6;7;8;  10;11;12;13;  15;16;  18;19;  21;22;  24;25;  27;28;29;  31;32;33;  35;36;37;  39;40;  42;43;44;45;  47;48;49;  
                            
__

Adding 100 elements sorted: 
Time: 0 seconds
                                27;54;  
                                / | \ 
                              9;18;  36;45;  63;72;81;90;  
                              / | \ / | \ / / | \ \ 
                            3;6;  12;15;  21;24;  30;33;  39;42;  48;51;  57;60;  66;69;  75;78;  84;87;  93;96;  
                            / | \ / | \ / | \ / | \ / | \ / | \ / | \ / | \ / | \ / | \ / | \ 
                          1;2;  4;5;  7;8;  10;11;  13;14;  16;17;  19;20;  22;23;  25;26;  28;29;  31;32;  34;35;  37;38;  40;41;  43;44;  46;47;  49;50;  52;53;  55;56;  58;59;  61;62;  64;65;  67;68;  70;71;  73;74;  76;77;  79;80;  82;83;  85;86;  88;89;  91;92;  94;95;  97;98;99;100;  
                          
__

Adding 100 elements unsorted: 
Time: 0.001 seconds
                                44;  
                                / \ 
                              12;23;33;  56;71;86;  
                              / / \ \ / / \ \ 
                            4;7;  15;20;  26;29;  37;40;  47;50;53;  60;63;68;  75;79;83;  89;93;97;  
                            / | \ / | \ / | \ / | \ / / \ \ / / \ \ / / \ \ / / \ \ 
                          0;1;2;3;  5;6;  8;9;10;11;  13;14;  16;17;18;19;  21;22;  24;25;  27;28;  30;31;32;  34;35;36;  38;39;  41;42;43;  45;46;  48;49;  51;52;  54;55;  57;58;59;  61;62;  64;65;66;67;  69;70;  72;73;74;  76;77;78;  80;81;82;  84;85;  87;88;  90;91;92;  94;95;96;  98;99;  
                          
__

Adding 200 elements sorted: 
Time: 0.002 seconds
                                81;  
                                / \ 
                              27;54;  108;135;162;  
                              / | \ / / \ \ 
                            9;18;  36;45;  63;72;  90;99;  117;126;  144;153;  171;180;189;  
                            / | \ / | \ / | \ / | \ / | \ / | \ / / \ \ 
                          3;6;  12;15;  21;24;  30;33;  39;42;  48;51;  57;60;  66;69;  75;78;  84;87;  93;96;  102;105;  111;114;  120;123;  129;132;  138;141;  147;150;  156;159;  165;168;  174;177;  183;186;  192;195;198;  
                          / | \ / | \ / | \ / | \ / | \ / | \ / | \ / | \ / | \ / | \ / | \ / | \ / | \ / | \ / | \ / | \ / | \ / | \ / | \ / | \ / | \ / / \ \ 
                        1;2;  4;5;  7;8;  10;11;  13;14;  16;17;  19;20;  22;23;  25;26;  28;29;  31;32;  34;35;  37;38;  40;41;  43;44;  46;47;  49;50;  52;53;  55;56;  58;59;  61;62;  64;65;  67;68;  70;71;  73;74;  76;77;  79;80;  82;83;  85;86;  88;89;  91;92;  94;95;  97;98;  100;101;  103;104;  106;107;  109;110;  112;113;  115;116;  118;119;  121;122;  124;125;  127;128;  130;131;  133;134;  136;137;  139;140;  142;143;  145;146;  148;149;  151;152;  154;155;  157;158;  160;161;  163;164;  166;167;  169;170;  172;173;  175;176;  178;179;  181;182;  184;185;  187;188;  190;191;  193;194;  196;197;  199;200;  
                        
__

Adding 200 elements unsorted: 
Time: 0.001 seconds
                                48;107;156;  
                                / / \ \ 
                              15;30;  66;79;94;  120;129;144;  171;189;  
                              / | \ / / \ \ / / \ \ / | \ 
                            4;7;12;  20;23;26;  33;36;39;43;  52;55;58;61;  71;75;  83;86;90;  97;102;  110;114;117;  123;126;  133;136;139;  148;153;  160;165;168;  176;180;184;  192;197;  
                            / / \ \ / / \ \ / / | \ \ / / | \ \ / | \ / / \ \ / | \ / / \ \ / | \ / / \ \ / | \ / / \ \ / / \ \ / | \ 
                          0;1;2;3;  5;6;  8;9;10;11;  13;14;  16;17;18;19;  21;22;  24;25;  27;28;29;  31;32;  34;35;  37;38;  40;41;42;  44;45;46;47;  49;50;51;  53;54;  56;57;  59;60;  62;63;64;65;  67;68;69;70;  72;73;74;  76;77;78;  80;81;82;  84;85;  87;88;89;  91;92;93;  95;96;  98;99;100;101;  103;104;105;106;  108;109;  111;112;113;  115;116;  118;119;  121;122;  124;125;  127;128;  130;131;132;  134;135;  137;138;  140;141;142;143;  145;146;147;  149;150;151;152;  154;155;  157;158;159;  161;162;163;164;  166;167;  169;170;  172;173;174;175;  177;178;179;  181;182;183;  185;186;187;188;  190;191;  193;194;195;196;  198;199;  
                          
__

Adding 400 elements sorted: 
Time: 0.013 seconds
                                81;162;243;  
                                / / \ \ 
                              27;54;  108;135;  189;216;  270;297;324;351;  
                              / | \ / | \ / | \ / / | \ \ 
                            9;18;  36;45;  63;72;  90;99;  117;126;  144;153;  171;180;  198;207;  225;234;  252;261;  279;288;  306;315;  333;342;  360;369;378;387;  
                            / | \ / | \ / | \ / | \ / | \ / | \ / | \ / | \ / | \ / | \ / | \ / | \ / | \ / / | \ \ 
                          3;6;  12;15;  21;24;  30;33;  39;42;  48;51;  57;60;  66;69;  75;78;  84;87;  93;96;  102;105;  111;114;  120;123;  129;132;  138;141;  147;150;  156;159;  165;168;  174;177;  183;186;  192;195;  201;204;  210;213;  219;222;  228;231;  237;240;  246;249;  255;258;  264;267;  273;276;  282;285;  291;294;  300;303;  309;312;  318;321;  327;330;  336;339;  345;348;  354;357;  363;366;  372;375;  381;384;  390;393;396;  
                          / | \ / | \ / | \ / | \ / | \ / | \ / | \ / | \ / | \ / | \ / | \ / | \ / | \ / | \ / | \ / | \ / | \ / | \ / | \ / | \ / | \ / | \ / | \ / | \ / | \ / | \ / | \ / | \ / | \ / | \ / | \ / | \ / | \ / | \ / | \ / | \ / | \ / | \ / | \ / | \ / | \ / | \ / | \ / / \ \ 
                        1;2;  4;5;  7;8;  10;11;  13;14;  16;17;  19;20;  22;23;  25;26;  28;29;  31;32;  34;35;  37;38;  40;41;  43;44;  46;47;  49;50;  52;53;  55;56;  58;59;  61;62;  64;65;  67;68;  70;71;  73;74;  76;77;  79;80;  82;83;  85;86;  88;89;  91;92;  94;95;  97;98;  100;101;  103;104;  106;107;  109;110;  112;113;  115;116;  118;119;  121;122;  124;125;  127;128;  130;131;  133;134;  136;137;  139;140;  142;143;  145;146;  148;149;  151;152;  154;155;  157;158;  160;161;  163;164;  166;167;  169;170;  172;173;  175;176;  178;179;  181;182;  184;185;  187;188;  190;191;  193;194;  196;197;  199;200;  202;203;  205;206;  208;209;  211;212;  214;215;  217;218;  220;221;  223;224;  226;227;  229;230;  232;233;  235;236;  238;239;  241;242;  244;245;  247;248;  250;251;  253;254;  256;257;  259;260;  262;263;  265;266;  268;269;  271;272;  274;275;  277;278;  280;281;  283;284;  286;287;  289;290;  292;293;  295;296;  298;299;  301;302;  304;305;  307;308;  310;311;  313;314;  316;317;  319;320;  322;323;  325;326;  328;329;  331;332;  334;335;  337;338;  340;341;  343;344;  346;347;  349;350;  352;353;  355;356;  358;359;  361;362;  364;365;  367;368;  370;371;  373;374;  376;377;  379;380;  382;383;  385;386;  388;389;  391;392;  394;395;  397;398;399;400;  
                        
__

Adding 400 elements unsorted: 
Time: 0.015 seconds
                                198;  
                                / \ 
                              50;107;158;  255;325;  
                              / / \ \ / | \ 
                            10;24;38;  63;76;93;  122;133;144;  171;185;  208;220;237;  271;287;304;316;  336;350;370;389;  
                            / / \ \ / / \ \ / / \ \ / | \ / / \ \ / / | \ \ / / | \ \ 
                          3;6;  15;18;21;  27;30;35;  43;46;  53;58;  67;70;73;  79;82;86;89;  97;100;104;  110;114;118;  125;128;  138;141;  148;151;154;  161;165;168;  175;178;182;  189;192;195;  201;205;  212;215;  223;227;231;234;  241;244;247;251;  259;263;267;  274;279;283;  291;294;299;  307;311;  319;322;  328;332;  340;344;347;  355;359;362;367;  373;376;379;384;  393;396;  
                          / | \ / / \ \ / / \ \ / | \ / | \ / / \ \ / / | \ \ / / \ \ / / \ \ / | \ / | \ / / \ \ / / \ \ / / \ \ / / \ \ / | \ / | \ / / | \ \ / / | \ \ / / \ \ / / \ \ / / \ \ / | \ / | \ / | \ / / \ \ / / | \ \ / / | \ \ / | \ 
                        0;1;2;  4;5;  7;8;9;  11;12;13;14;  16;17;  19;20;  22;23;  25;26;  28;29;  31;32;33;34;  36;37;  39;40;41;42;  44;45;  47;48;49;  51;52;  54;55;56;57;  59;60;61;62;  64;65;66;  68;69;  71;72;  74;75;  77;78;  80;81;  83;84;85;  87;88;  90;91;92;  94;95;96;  98;99;  101;102;103;  105;106;  108;109;  111;112;113;  115;116;117;  119;120;121;  123;124;  126;127;  129;130;131;132;  134;135;136;137;  139;140;  142;143;  145;146;147;  149;150;  152;153;  155;156;157;  159;160;  162;163;164;  166;167;  169;170;  172;173;174;  176;177;  179;180;181;  183;184;  186;187;188;  190;191;  193;194;  196;197;  199;200;  202;203;204;  206;207;  209;210;211;  213;214;  216;217;218;219;  221;222;  224;225;226;  228;229;230;  232;233;  235;236;  238;239;240;  242;243;  245;246;  248;249;250;  252;253;254;  256;257;258;  260;261;262;  264;265;266;  268;269;270;  272;273;  275;276;277;278;  280;281;282;  284;285;286;  288;289;290;  292;293;  295;296;297;298;  300;301;302;303;  305;306;  308;309;310;  312;313;314;315;  317;318;  320;321;  323;324;  326;327;  329;330;331;  333;334;335;  337;338;339;  341;342;343;  345;346;  348;349;  351;352;353;354;  356;357;358;  360;361;  363;364;365;366;  368;369;  371;372;  374;375;  377;378;  380;381;382;383;  385;386;387;388;  390;391;392;  394;395;  397;398;399;  
                        
__

Adding 800 elements sorted: 
Time: 0.057 seconds
                                243;486;  
                                / | \ 
                              81;162;  324;405;  567;648;  
                              / | \ / | \ / | \ 
                            27;54;  108;135;  189;216;  270;297;  351;378;  432;459;  513;540;  594;621;  675;702;729;756;  
                            / | \ / | \ / | \ / | \ / | \ / | \ / | \ / | \ / / | \ \ 
                          9;18;  36;45;  63;72;  90;99;  117;126;  144;153;  171;180;  198;207;  225;234;  252;261;  279;288;  306;315;  333;342;  360;369;  387;396;  414;423;  441;450;  468;477;  495;504;  522;531;  549;558;  576;585;  603;612;  630;639;  657;666;  684;693;  711;720;  738;747;  765;774;783;792;  
                          / | \ / | \ / | \ / | \ / | \ / | \ / | \ / | \ / | \ / | \ / | \ / | \ / | \ / | \ / | \ / | \ / | \ / | \ / | \ / | \ / | \ / | \ / | \ / | \ / | \ / | \ / | \ / | \ / / | \ \ 
                        3;6;  12;15;  21;24;  30;33;  39;42;  48;51;  57;60;  66;69;  75;78;  84;87;  93;96;  102;105;  111;114;  120;123;  129;132;  138;141;  147;150;  156;159;  165;168;  174;177;  183;186;  192;195;  201;204;  210;213;  219;222;  228;231;  237;240;  246;249;  255;258;  264;267;  273;276;  282;285;  291;294;  300;303;  309;312;  318;321;  327;330;  336;339;  345;348;  354;357;  363;366;  372;375;  381;384;  390;393;  399;402;  408;411;  417;420;  426;429;  435;438;  444;447;  453;456;  462;465;  471;474;  480;483;  489;492;  498;501;  507;510;  516;519;  525;528;  534;537;  543;546;  552;555;  561;564;  570;573;  579;582;  588;591;  597;600;  606;609;  615;618;  624;627;  633;636;  642;645;  651;654;  660;663;  669;672;  678;681;  687;690;  696;699;  705;708;  714;717;  723;726;  732;735;  741;744;  750;753;  759;762;  768;771;  777;780;  786;789;  795;798;  
                        / | \ / | \ / | \ / | \ / | \ / | \ / | \ / | \ / | \ / | \ / | \ / | \ / | \ / | \ / | \ / | \ / | \ / | \ / | \ / | \ / | \ / | \ / | \ / | \ / | \ / | \ / | \ / | \ / | \ / | \ / | \ / | \ / | \ / | \ / | \ / | \ / | \ / | \ / | \ / | \ / | \ / | \ / | \ / | \ / | \ / | \ / | \ / | \ / | \ / | \ / | \ / | \ / | \ / | \ / | \ / | \ / | \ / | \ / | \ / | \ / | \ / | \ / | \ / | \ / | \ / | \ / | \ / | \ / | \ / | \ / | \ / | \ / | \ / | \ / | \ / | \ / | \ / | \ / | \ / | \ / | \ / | \ / | \ / | \ / | \ / | \ / | \ / | \ / | \ 
                      1;2;  4;5;  7;8;  10;11;  13;14;  16;17;  19;20;  22;23;  25;26;  28;29;  31;32;  34;35;  37;38;  40;41;  43;44;  46;47;  49;50;  52;53;  55;56;  58;59;  61;62;  64;65;  67;68;  70;71;  73;74;  76;77;  79;80;  82;83;  85;86;  88;89;  91;92;  94;95;  97;98;  100;101;  103;104;  106;107;  109;110;  112;113;  115;116;  118;119;  121;122;  124;125;  127;128;  130;131;  133;134;  136;137;  139;140;  142;143;  145;146;  148;149;  151;152;  154;155;  157;158;  160;161;  163;164;  166;167;  169;170;  172;173;  175;176;  178;179;  181;182;  184;185;  187;188;  190;191;  193;194;  196;197;  199;200;  202;203;  205;206;  208;209;  211;212;  214;215;  217;218;  220;221;  223;224;  226;227;  229;230;  232;233;  235;236;  238;239;  241;242;  244;245;  247;248;  250;251;  253;254;  256;257;  259;260;  262;263;  265;266;  268;269;  271;272;  274;275;  277;278;  280;281;  283;284;  286;287;  289;290;  292;293;  295;296;  298;299;  301;302;  304;305;  307;308;  310;311;  313;314;  316;317;  319;320;  322;323;  325;326;  328;329;  331;332;  334;335;  337;338;  340;341;  343;344;  346;347;  349;350;  352;353;  355;356;  358;359;  361;362;  364;365;  367;368;  370;371;  373;374;  376;377;  379;380;  382;383;  385;386;  388;389;  391;392;  394;395;  397;398;  400;401;  403;404;  406;407;  409;410;  412;413;  415;416;  418;419;  421;422;  424;425;  427;428;  430;431;  433;434;  436;437;  439;440;  442;443;  445;446;  448;449;  451;452;  454;455;  457;458;  460;461;  463;464;  466;467;  469;470;  472;473;  475;476;  478;479;  481;482;  484;485;  487;488;  490;491;  493;494;  496;497;  499;500;  502;503;  505;506;  508;509;  511;512;  514;515;  517;518;  520;521;  523;524;  526;527;  529;530;  532;533;  535;536;  538;539;  541;542;  544;545;  547;548;  550;551;  553;554;  556;557;  559;560;  562;563;  565;566;  568;569;  571;572;  574;575;  577;578;  580;581;  583;584;  586;587;  589;590;  592;593;  595;596;  598;599;  601;602;  604;605;  607;608;  610;611;  613;614;  616;617;  619;620;  622;623;  625;626;  628;629;  631;632;  634;635;  637;638;  640;641;  643;644;  646;647;  649;650;  652;653;  655;656;  658;659;  661;662;  664;665;  667;668;  670;671;  673;674;  676;677;  679;680;  682;683;  685;686;  688;689;  691;692;  694;695;  697;698;  700;701;  703;704;  706;707;  709;710;  712;713;  715;716;  718;719;  721;722;  724;725;  727;728;  730;731;  733;734;  736;737;  739;740;  742;743;  745;746;  748;749;  751;752;  754;755;  757;758;  760;761;  763;764;  766;767;  769;770;  772;773;  775;776;  778;779;  781;782;  784;785;  787;788;  790;791;  793;794;  796;797;  799;800;  
                      
__

Adding 800 elements unsorted: 
Time: 0.025 seconds
                                197;375;561;  
                                / / \ \ 
                              46;104;153;  256;307;  444;497;  610;656;706;757;  
                              / / \ \ / | \ / | \ / / | \ \ 
                            11;21;33;  61;75;84;93;  121;133;  163;177;  217;227;238;  270;281;296;  322;338;353;  390;403;412;422;  460;473;487;  517;530;542;552;  579;594;  628;642;  669;683;693;  722;741;  768;777;789;  
                            / / \ \ / / | \ \ / | \ / | \ / / \ \ / / \ \ / / \ \ / / | \ \ / / \ \ / / | \ \ / | \ / | \ / / \ \ / | \ / / \ \ 
                          2;7;  15;18;  24;29;  36;39;42;  51;54;57;  64;67;70;  78;81;  87;90;  96;101;  107;110;114;117;  126;129;  137;140;144;149;  156;159;  167;170;174;  182;185;188;193;  201;204;209;212;  221;224;  232;235;  243;247;250;253;  259;264;267;  273;277;  286;289;292;  299;304;  311;314;317;  327;330;334;  341;344;347;350;  358;363;367;372;  378;381;384;387;  393;398;  406;409;  416;419;  425;430;434;439;  447;450;454;457;  463;467;470;  477;482;  491;494;  500;503;508;512;  520;523;527;  534;538;  545;549;  555;558;  565;569;573;576;  582;586;589;  599;603;606;  614;619;624;  631;635;638;  647;651;  660;664;  672;676;680;  687;690;  696;699;702;  709;712;715;719;  727;731;735;738;  744;747;750;754;  760;764;  771;774;  780;785;  792;796;  
                          / | \ / | \ / | \ / / \ \ / / \ \ / / \ \ / | \ / | \ / | \ / / | \ \ / | \ / / | \ \ / | \ / / \ \ / / | \ \ / / | \ \ / | \ / | \ / / | \ \ / / \ \ / | \ / / \ \ / | \ / / \ \ / / \ \ / / | \ \ / / | \ \ / / | \ \ / | \ / | \ / | \ / / | \ \ / / | \ \ / / \ \ / | \ / | \ / / | \ \ / / \ \ / | \ / | \ / | \ / / | \ \ / / \ \ / / \ \ / / \ \ / / \ \ / | \ / | \ / / \ \ / | \ / / \ \ / / | \ \ / / | \ \ / / | \ \ / | \ / | \ / | \ / | \ 
                        0;1;  3;4;5;6;  8;9;10;  12;13;14;  16;17;  19;20;  22;23;  25;26;27;28;  30;31;32;  34;35;  37;38;  40;41;  43;44;45;  47;48;49;50;  52;53;  55;56;  58;59;60;  62;63;  65;66;  68;69;  71;72;73;74;  76;77;  79;80;  82;83;  85;86;  88;89;  91;92;  94;95;  97;98;99;100;  102;103;  105;106;  108;109;  111;112;113;  115;116;  118;119;120;  122;123;124;125;  127;128;  130;131;132;  134;135;136;  138;139;  141;142;143;  145;146;147;148;  150;151;152;  154;155;  157;158;  160;161;162;  164;165;166;  168;169;  171;172;173;  175;176;  178;179;180;181;  183;184;  186;187;  189;190;191;192;  194;195;196;  198;199;200;  202;203;  205;206;207;208;  210;211;  213;214;215;216;  218;219;220;  222;223;  225;226;  228;229;230;231;  233;234;  236;237;  239;240;241;242;  244;245;246;  248;249;  251;252;  254;255;  257;258;  260;261;262;263;  265;266;  268;269;  271;272;  274;275;276;  278;279;280;  282;283;284;285;  287;288;  290;291;  293;294;295;  297;298;  300;301;302;303;  305;306;  308;309;310;  312;313;  315;316;  318;319;320;321;  323;324;325;326;  328;329;  331;332;333;  335;336;337;  339;340;  342;343;  345;346;  348;349;  351;352;  354;355;356;357;  359;360;361;362;  364;365;366;  368;369;370;371;  373;374;  376;377;  379;380;  382;383;  385;386;  388;389;  391;392;  394;395;396;397;  399;400;401;402;  404;405;  407;408;  410;411;  413;414;415;  417;418;  420;421;  423;424;  426;427;428;429;  431;432;433;  435;436;437;438;  440;441;442;443;  445;446;  448;449;  451;452;453;  455;456;  458;459;  461;462;  464;465;466;  468;469;  471;472;  474;475;476;  478;479;480;481;  483;484;485;486;  488;489;490;  492;493;  495;496;  498;499;  501;502;  504;505;506;507;  509;510;511;  513;514;515;516;  518;519;  521;522;  524;525;526;  528;529;  531;532;533;  535;536;537;  539;540;541;  543;544;  546;547;548;  550;551;  553;554;  556;557;  559;560;  562;563;564;  566;567;568;  570;571;572;  574;575;  577;578;  580;581;  583;584;585;  587;588;  590;591;592;593;  595;596;597;598;  600;601;602;  604;605;  607;608;609;  611;612;613;  615;616;617;618;  620;621;622;623;  625;626;627;  629;630;  632;633;634;  636;637;  639;640;641;  643;644;645;646;  648;649;650;  652;653;654;655;  657;658;659;  661;662;663;  665;666;667;668;  670;671;  673;674;675;  677;678;679;  681;682;  684;685;686;  688;689;  691;692;  694;695;  697;698;  700;701;  703;704;705;  707;708;  710;711;  713;714;  716;717;718;  720;721;  723;724;725;726;  728;729;730;  732;733;734;  736;737;  739;740;  742;743;  745;746;  748;749;  751;752;753;  755;756;  758;759;  761;762;763;  765;766;767;  769;770;  772;773;  775;776;  778;779;  781;782;783;784;  786;787;788;  790;791;  793;794;795;  797;798;799;  
                        
__

Adding 1600 elements sorted: 
Time: 0.185 seconds
                                729;  
                                / \ 
                              243;486;  972;1215;  
                              / | \ / | \ 
                            81;162;  324;405;  567;648;  810;891;  1053;1134;  1296;1377;1458;  
                            / | \ / | \ / | \ / | \ / | \ / / \ \ 
                          27;54;  108;135;  189;216;  270;297;  351;378;  432;459;  513;540;  594;621;  675;702;  756;783;  837;864;  918;945;  999;1026;  1080;1107;  1161;1188;  1242;1269;  1323;1350;  1404;1431;  1485;1512;1539;1566;  
                          / | \ / | \ / | \ / | \ / | \ / | \ / | \ / | \ / | \ / | \ / | \ / | \ / | \ / | \ / | \ / | \ / | \ / | \ / / | \ \ 
                        9;18;  36;45;  63;72;  90;99;  117;126;  144;153;  171;180;  198;207;  225;234;  252;261;  279;288;  306;315;  333;342;  360;369;  387;396;  414;423;  441;450;  468;477;  495;504;  522;531;  549;558;  576;585;  603;612;  630;639;  657;666;  684;693;  711;720;  738;747;  765;774;  792;801;  819;828;  846;855;  873;882;  900;909;  927;936;  954;963;  981;990;  1008;1017;  1035;1044;  1062;1071;  1089;1098;  1116;1125;  1143;1152;  1170;1179;  1197;1206;  1224;1233;  1251;1260;  1278;1287;  1305;1314;  1332;1341;  1359;1368;  1386;1395;  1413;1422;  1440;1449;  1467;1476;  1494;1503;  1521;1530;  1548;1557;  1575;1584;  
                        / | \ / | \ / | \ / | \ / | \ / | \ / | \ / | \ / | \ / | \ / | \ / | \ / | \ / | \ / | \ / | \ / | \ / | \ / | \ / | \ / | \ / | \ / | \ / | \ / | \ / | \ / | \ / | \ / | \ / | \ / | \ / | \ / | \ / | \ / | \ / | \ / | \ / | \ / | \ / | \ / | \ / | \ / | \ / | \ / | \ / | \ / | \ / | \ / | \ / | \ / | \ / | \ / | \ / | \ / | \ / | \ / | \ / | \ / | \ 
                      3;6;  12;15;  21;24;  30;33;  39;42;  48;51;  57;60;  66;69;  75;78;  84;87;  93;96;  102;105;  111;114;  120;123;  129;132;  138;141;  147;150;  156;159;  165;168;  174;177;  183;186;  192;195;  201;204;  210;213;  219;222;  228;231;  237;240;  246;249;  255;258;  264;267;  273;276;  282;285;  291;294;  300;303;  309;312;  318;321;  327;330;  336;339;  345;348;  354;357;  363;366;  372;375;  381;384;  390;393;  399;402;  408;411;  417;420;  426;429;  435;438;  444;447;  453;456;  462;465;  471;474;  480;483;  489;492;  498;501;  507;510;  516;519;  525;528;  534;537;  543;546;  552;555;  561;564;  570;573;  579;582;  588;591;  597;600;  606;609;  615;618;  624;627;  633;636;  642;645;  651;654;  660;663;  669;672;  678;681;  687;690;  696;699;  705;708;  714;717;  723;726;  732;735;  741;744;  750;753;  759;762;  768;771;  777;780;  786;789;  795;798;  804;807;  813;816;  822;825;  831;834;  840;843;  849;852;  858;861;  867;870;  876;879;  885;888;  894;897;  903;906;  912;915;  921;924;  930;933;  939;942;  948;951;  957;960;  966;969;  975;978;  984;987;  993;996;  1002;1005;  1011;1014;  1020;1023;  1029;1032;  1038;1041;  1047;1050;  1056;1059;  1065;1068;  1074;1077;  1083;1086;  1092;1095;  1101;1104;  1110;1113;  1119;1122;  1128;1131;  1137;1140;  1146;1149;  1155;1158;  1164;1167;  1173;1176;  1182;1185;  1191;1194;  1200;1203;  1209;1212;  1218;1221;  1227;1230;  1236;1239;  1245;1248;  1254;1257;  1263;1266;  1272;1275;  1281;1284;  1290;1293;  1299;1302;  1308;1311;  1317;1320;  1326;1329;  1335;1338;  1344;1347;  1353;1356;  1362;1365;  1371;1374;  1380;1383;  1389;1392;  1398;1401;  1407;1410;  1416;1419;  1425;1428;  1434;1437;  1443;1446;  1452;1455;  1461;1464;  1470;1473;  1479;1482;  1488;1491;  1497;1500;  1506;1509;  1515;1518;  1524;1527;  1533;1536;  1542;1545;  1551;1554;  1560;1563;  1569;1572;  1578;1581;  1587;1590;1593;1596;  
                      / | \ / | \ / | \ / | \ / | \ / | \ / | \ / | \ / | \ / | \ / | \ / | \ / | \ / | \ / | \ / | \ / | \ / | \ / | \ / | \ / | \ / | \ / | \ / | \ / | \ / | \ / | \ / | \ / | \ / | \ / | \ / | \ / | \ / | \ / | \ / | \ / | \ / | \ / | \ / | \ / | \ / | \ / | \ / | \ / | \ / | \ / | \ / | \ / | \ / | \ / | \ / | \ / | \ / | \ / | \ / | \ / | \ / | \ / | \ / | \ / | \ / | \ / | \ / | \ / | \ / | \ / | \ / | \ / | \ / | \ / | \ / | \ / | \ / | \ / | \ / | \ / | \ / | \ / | \ / | \ / | \ / | \ / | \ / | \ / | \ / | \ / | \ / | \ / | \ / | \ / | \ / | \ / | \ / | \ / | \ / | \ / | \ / | \ / | \ / | \ / | \ / | \ / | \ / | \ / | \ / | \ / | \ / | \ / | \ / | \ / | \ / | \ / | \ / | \ / | \ / | \ / | \ / | \ / | \ / | \ / | \ / | \ / | \ / | \ / | \ / | \ / | \ / | \ / | \ / | \ / | \ / | \ / | \ / | \ / | \ / | \ / | \ / | \ / | \ / | \ / | \ / | \ / | \ / | \ / | \ / | \ / | \ / | \ / | \ / | \ / | \ / | \ / | \ / | \ / | \ / | \ / | \ / | \ / | \ / | \ / | \ / | \ / | \ / | \ / | \ / | \ / | \ / | \ / | \ / | \ / | \ / | \ / | \ / | \ / | \ / | \ / / | \ \ 
                    1;2;  4;5;  7;8;  10;11;  13;14;  16;17;  19;20;  22;23;  25;26;  28;29;  31;32;  34;35;  37;38;  40;41;  43;44;  46;47;  49;50;  52;53;  55;56;  58;59;  61;62;  64;65;  67;68;  70;71;  73;74;  76;77;  79;80;  82;83;  85;86;  88;89;  91;92;  94;95;  97;98;  100;101;  103;104;  106;107;  109;110;  112;113;  115;116;  118;119;  121;122;  124;125;  127;128;  130;131;  133;134;  136;137;  139;140;  142;143;  145;146;  148;149;  151;152;  154;155;  157;158;  160;161;  163;164;  166;167;  169;170;  172;173;  175;176;  178;179;  181;182;  184;185;  187;188;  190;191;  193;194;  196;197;  199;200;  202;203;  205;206;  208;209;  211;212;  214;215;  217;218;  220;221;  223;224;  226;227;  229;230;  232;233;  235;236;  238;239;  241;242;  244;245;  247;248;  250;251;  253;254;  256;257;  259;260;  262;263;  265;266;  268;269;  271;272;  274;275;  277;278;  280;281;  283;284;  286;287;  289;290;  292;293;  295;296;  298;299;  301;302;  304;305;  307;308;  310;311;  313;314;  316;317;  319;320;  322;323;  325;326;  328;329;  331;332;  334;335;  337;338;  340;341;  343;344;  346;347;  349;350;  352;353;  355;356;  358;359;  361;362;  364;365;  367;368;  370;371;  373;374;  376;377;  379;380;  382;383;  385;386;  388;389;  391;392;  394;395;  397;398;  400;401;  403;404;  406;407;  409;410;  412;413;  415;416;  418;419;  421;422;  424;425;  427;428;  430;431;  433;434;  436;437;  439;440;  442;443;  445;446;  448;449;  451;452;  454;455;  457;458;  460;461;  463;464;  466;467;  469;470;  472;473;  475;476;  478;479;  481;482;  484;485;  487;488;  490;491;  493;494;  496;497;  499;500;  502;503;  505;506;  508;509;  511;512;  514;515;  517;518;  520;521;  523;524;  526;527;  529;530;  532;533;  535;536;  538;539;  541;542;  544;545;  547;548;  550;551;  553;554;  556;557;  559;560;  562;563;  565;566;  568;569;  571;572;  574;575;  577;578;  580;581;  583;584;  586;587;  589;590;  592;593;  595;596;  598;599;  601;602;  604;605;  607;608;  610;611;  613;614;  616;617;  619;620;  622;623;  625;626;  628;629;  631;632;  634;635;  637;638;  640;641;  643;644;  646;647;  649;650;  652;653;  655;656;  658;659;  661;662;  664;665;  667;668;  670;671;  673;674;  676;677;  679;680;  682;683;  685;686;  688;689;  691;692;  694;695;  697;698;  700;701;  703;704;  706;707;  709;710;  712;713;  715;716;  718;719;  721;722;  724;725;  727;728;  730;731;  733;734;  736;737;  739;740;  742;743;  745;746;  748;749;  751;752;  754;755;  757;758;  760;761;  763;764;  766;767;  769;770;  772;773;  775;776;  778;779;  781;782;  784;785;  787;788;  790;791;  793;794;  796;797;  799;800;  802;803;  805;806;  808;809;  811;812;  814;815;  817;818;  820;821;  823;824;  826;827;  829;830;  832;833;  835;836;  838;839;  841;842;  844;845;  847;848;  850;851;  853;854;  856;857;  859;860;  862;863;  865;866;  868;869;  871;872;  874;875;  877;878;  880;881;  883;884;  886;887;  889;890;  892;893;  895;896;  898;899;  901;902;  904;905;  907;908;  910;911;  913;914;  916;917;  919;920;  922;923;  925;926;  928;929;  931;932;  934;935;  937;938;  940;941;  943;944;  946;947;  949;950;  952;953;  955;956;  958;959;  961;962;  964;965;  967;968;  970;971;  973;974;  976;977;  979;980;  982;983;  985;986;  988;989;  991;992;  994;995;  997;998;  1000;1001;  1003;1004;  1006;1007;  1009;1010;  1012;1013;  1015;1016;  1018;1019;  1021;1022;  1024;1025;  1027;1028;  1030;1031;  1033;1034;  1036;1037;  1039;1040;  1042;1043;  1045;1046;  1048;1049;  1051;1052;  1054;1055;  1057;1058;  1060;1061;  1063;1064;  1066;1067;  1069;1070;  1072;1073;  1075;1076;  1078;1079;  1081;1082;  1084;1085;  1087;1088;  1090;1091;  1093;1094;  1096;1097;  1099;1100;  1102;1103;  1105;1106;  1108;1109;  1111;1112;  1114;1115;  1117;1118;  1120;1121;  1123;1124;  1126;1127;  1129;1130;  1132;1133;  1135;1136;  1138;1139;  1141;1142;  1144;1145;  1147;1148;  1150;1151;  1153;1154;  1156;1157;  1159;1160;  1162;1163;  1165;1166;  1168;1169;  1171;1172;  1174;1175;  1177;1178;  1180;1181;  1183;1184;  1186;1187;  1189;1190;  1192;1193;  1195;1196;  1198;1199;  1201;1202;  1204;1205;  1207;1208;  1210;1211;  1213;1214;  1216;1217;  1219;1220;  1222;1223;  1225;1226;  1228;1229;  1231;1232;  1234;1235;  1237;1238;  1240;1241;  1243;1244;  1246;1247;  1249;1250;  1252;1253;  1255;1256;  1258;1259;  1261;1262;  1264;1265;  1267;1268;  1270;1271;  1273;1274;  1276;1277;  1279;1280;  1282;1283;  1285;1286;  1288;1289;  1291;1292;  1294;1295;  1297;1298;  1300;1301;  1303;1304;  1306;1307;  1309;1310;  1312;1313;  1315;1316;  1318;1319;  1321;1322;  1324;1325;  1327;1328;  1330;1331;  1333;1334;  1336;1337;  1339;1340;  1342;1343;  1345;1346;  1348;1349;  1351;1352;  1354;1355;  1357;1358;  1360;1361;  1363;1364;  1366;1367;  1369;1370;  1372;1373;  1375;1376;  1378;1379;  1381;1382;  1384;1385;  1387;1388;  1390;1391;  1393;1394;  1396;1397;  1399;1400;  1402;1403;  1405;1406;  1408;1409;  1411;1412;  1414;1415;  1417;1418;  1420;1421;  1423;1424;  1426;1427;  1429;1430;  1432;1433;  1435;1436;  1438;1439;  1441;1442;  1444;1445;  1447;1448;  1450;1451;  1453;1454;  1456;1457;  1459;1460;  1462;1463;  1465;1466;  1468;1469;  1471;1472;  1474;1475;  1477;1478;  1480;1481;  1483;1484;  1486;1487;  1489;1490;  1492;1493;  1495;1496;  1498;1499;  1501;1502;  1504;1505;  1507;1508;  1510;1511;  1513;1514;  1516;1517;  1519;1520;  1522;1523;  1525;1526;  1528;1529;  1531;1532;  1534;1535;  1537;1538;  1540;1541;  1543;1544;  1546;1547;  1549;1550;  1552;1553;  1555;1556;  1558;1559;  1561;1562;  1564;1565;  1567;1568;  1570;1571;  1573;1574;  1576;1577;  1579;1580;  1582;1583;  1585;1586;  1588;1589;  1591;1592;  1594;1595;  1597;1598;1599;1600;  
                    
__

Adding 1600 elements unsorted: 
Time: 0.106 seconds
                                821;  
                                / \ 
                              286;477;660;  1021;1187;1368;  
                              / / \ \ / / \ \ 
                            57;110;177;227;  344;409;  534;586;  718;760;  901;969;  1081;1137;  1250;1295;1325;  1419;1469;1515;1567;  
                            / / | \ \ / | \ / | \ / | \ / | \ / | \ / / \ \ / / | \ \ 
                          13;29;46;  75;87;99;  130;140;153;165;  188;197;210;  244;254;263;276;  307;318;327;  355;364;379;389;  425;440;456;467;  487;497;511;521;  551;569;  601;617;638;647;  671;683;700;709;  733;744;  769;783;794;806;  835;851;863;879;  914;927;948;960;  989;1004;  1036;1049;1066;  1092;1103;1115;1126;  1151;1168;  1198;1219;1228;1240;  1267;1282;  1305;1316;  1336;1348;  1385;1399;  1436;1445;1456;  1484;1497;  1535;1555;  1577;1589;  
                          / / \ \ / / \ \ / / | \ \ / / \ \ / / | \ \ / / \ \ / / | \ \ / / | \ \ / / | \ \ / | \ / / | \ \ / / | \ \ / | \ / / | \ \ / / | \ \ / / | \ \ / | \ / / \ \ / / | \ \ / | \ / / | \ \ / | \ / | \ / | \ / | \ / / \ \ / | \ / | \ / | \ 
                        3;6;9;  17;20;23;26;  34;37;41;  51;54;  62;67;72;  80;83;  90;94;  103;107;  113;116;120;125;  134;137;  144;149;  158;161;  170;173;  181;184;  191;194;  200;203;207;  213;216;220;224;  230;233;236;240;  247;250;  257;260;  266;269;273;  280;283;  290;294;299;303;  310;314;  321;324;  330;334;338;341;  348;352;  358;361;  367;370;375;  382;385;  393;396;401;404;  412;416;420;  430;434;437;  445;448;453;  460;464;  471;474;  480;484;  491;494;  501;504;507;  514;517;  525;530;  537;540;543;548;  555;558;561;565;  573;576;579;582;  589;594;597;  605;610;614;  621;626;630;633;  641;644;  651;656;  663;667;  674;677;680;  687;690;695;  703;706;  712;715;  723;726;730;  736;739;  748;751;756;  763;766;  773;778;  788;791;  797;801;  811;815;818;  826;830;  838;841;846;  854;857;860;  868;871;874;  884;889;892;896;  906;909;  918;922;  930;934;939;944;  952;956;  963;966;  974;978;981;984;  993;996;1000;  1007;1010;1014;1017;  1026;1029;1032;  1039;1042;1046;  1052;1056;1061;  1070;1075;1078;  1085;1089;  1096;1100;  1106;1110;  1118;1122;  1130;1133;  1141;1146;  1154;1157;1160;1163;  1171;1176;1180;1184;  1191;1195;  1202;1206;1210;1215;  1222;1225;  1233;1237;  1243;1247;  1255;1258;1261;1264;  1272;1275;1279;  1285;1290;  1298;1301;  1309;1312;  1319;1322;  1329;1332;  1339;1342;1345;  1353;1356;1361;1364;  1373;1376;1380;  1388;1391;1394;  1403;1407;1410;1414;  1423;1426;1431;  1439;1442;  1449;1453;  1460;1464;  1473;1476;1479;  1489;1494;  1500;1504;1507;1510;  1518;1523;1528;1531;  1538;1543;1548;1551;  1560;1564;  1570;1573;  1580;1585;  1592;1595;  
                        / / \ \ / / | \ \ / / \ \ / | \ / / \ \ / | \ / | \ / | \ / / | \ \ / | \ / | \ / | \ / | \ / | \ / | \ / / \ \ / / | \ \ / / | \ \ / | \ / | \ / / \ \ / | \ / / | \ \ / | \ / | \ / / | \ \ / | \ / | \ / / \ \ / | \ / / | \ \ / / \ \ / / \ \ / / \ \ / | \ / | \ / | \ / | \ / / \ \ / | \ / | \ / / | \ \ / / | \ \ / / | \ \ / / \ \ / / \ \ / / | \ \ / | \ / | \ / | \ / / \ \ / / \ \ / | \ / | \ / / \ \ / | \ / / \ \ / | \ / | \ / | \ / | \ / / \ \ / | \ / / \ \ / / \ \ / / \ \ / / | \ \ / | \ / | \ / / | \ \ / | \ / | \ / / | \ \ / / \ \ / / | \ \ / / \ \ / / \ \ / / \ \ / / \ \ / | \ / | \ / | \ / | \ / | \ / | \ / / | \ \ / / | \ \ / | \ / / | \ \ / | \ / | \ / | \ / / | \ \ / / \ \ / | \ / | \ / | \ / | \ / | \ / / \ \ / / | \ \ / / \ \ / / \ \ / / | \ \ / / \ \ / | \ / | \ / | \ / / \ \ / | \ / / | \ \ / / | \ \ / / | \ \ / | \ / | \ / | \ / | \ 
                      0;1;2;  4;5;  7;8;  10;11;12;  14;15;16;  18;19;  21;22;  24;25;  27;28;  30;31;32;33;  35;36;  38;39;40;  42;43;44;45;  47;48;49;50;  52;53;  55;56;  58;59;60;61;  63;64;65;66;  68;69;70;71;  73;74;  76;77;78;79;  81;82;  84;85;86;  88;89;  91;92;93;  95;96;97;98;  100;101;102;  104;105;106;  108;109;  111;112;  114;115;  117;118;119;  121;122;123;124;  126;127;128;129;  131;132;133;  135;136;  138;139;  141;142;143;  145;146;147;148;  150;151;152;  154;155;156;157;  159;160;  162;163;164;  166;167;168;169;  171;172;  174;175;176;  178;179;180;  182;183;  185;186;187;  189;190;  192;193;  195;196;  198;199;  201;202;  204;205;206;  208;209;  211;212;  214;215;  217;218;219;  221;222;223;  225;226;  228;229;  231;232;  234;235;  237;238;239;  241;242;243;  245;246;  248;249;  251;252;253;  255;256;  258;259;  261;262;  264;265;  267;268;  270;271;272;  274;275;  277;278;279;  281;282;  284;285;  287;288;289;  291;292;293;  295;296;297;298;  300;301;302;  304;305;306;  308;309;  311;312;313;  315;316;317;  319;320;  322;323;  325;326;  328;329;  331;332;333;  335;336;337;  339;340;  342;343;  345;346;347;  349;350;351;  353;354;  356;357;  359;360;  362;363;  365;366;  368;369;  371;372;373;374;  376;377;378;  380;381;  383;384;  386;387;388;  390;391;392;  394;395;  397;398;399;400;  402;403;  405;406;407;408;  410;411;  413;414;415;  417;418;419;  421;422;423;424;  426;427;428;429;  431;432;433;  435;436;  438;439;  441;442;443;444;  446;447;  449;450;451;452;  454;455;  457;458;459;  461;462;463;  465;466;  468;469;470;  472;473;  475;476;  478;479;  481;482;483;  485;486;  488;489;490;  492;493;  495;496;  498;499;500;  502;503;  505;506;  508;509;510;  512;513;  515;516;  518;519;520;  522;523;524;  526;527;528;529;  531;532;533;  535;536;  538;539;  541;542;  544;545;546;547;  549;550;  552;553;554;  556;557;  559;560;  562;563;564;  566;567;568;  570;571;572;  574;575;  577;578;  580;581;  583;584;585;  587;588;  590;591;592;593;  595;596;  598;599;600;  602;603;604;  606;607;608;609;  611;612;613;  615;616;  618;619;620;  622;623;624;625;  627;628;629;  631;632;  634;635;636;637;  639;640;  642;643;  645;646;  648;649;650;  652;653;654;655;  657;658;659;  661;662;  664;665;666;  668;669;670;  672;673;  675;676;  678;679;  681;682;  684;685;686;  688;689;  691;692;693;694;  696;697;698;699;  701;702;  704;705;  707;708;  710;711;  713;714;  716;717;  719;720;721;722;  724;725;  727;728;729;  731;732;  734;735;  737;738;  740;741;742;743;  745;746;747;  749;750;  752;753;754;755;  757;758;759;  761;762;  764;765;  767;768;  770;771;772;  774;775;776;777;  779;780;781;782;  784;785;786;787;  789;790;  792;793;  795;796;  798;799;800;  802;803;804;805;  807;808;809;810;  812;813;814;  816;817;  819;820;  822;823;824;825;  827;828;829;  831;832;833;834;  836;837;  839;840;  842;843;844;845;  847;848;849;850;  852;853;  855;856;  858;859;  861;862;  864;865;866;867;  869;870;  872;873;  875;876;877;878;  880;881;882;883;  885;886;887;888;  890;891;  893;894;895;  897;898;899;900;  902;903;904;905;  907;908;  910;911;912;913;  915;916;917;  919;920;921;  923;924;925;926;  928;929;  931;932;933;  935;936;937;938;  940;941;942;943;  945;946;947;  949;950;951;  953;954;955;  957;958;959;  961;962;  964;965;  967;968;  970;971;972;973;  975;976;977;  979;980;  982;983;  985;986;987;988;  990;991;992;  994;995;  997;998;999;  1001;1002;1003;  1005;1006;  1008;1009;  1011;1012;1013;  1015;1016;  1018;1019;1020;  1022;1023;1024;1025;  1027;1028;  1030;1031;  1033;1034;1035;  1037;1038;  1040;1041;  1043;1044;1045;  1047;1048;  1050;1051;  1053;1054;1055;  1057;1058;1059;1060;  1062;1063;1064;1065;  1067;1068;1069;  1071;1072;1073;1074;  1076;1077;  1079;1080;  1082;1083;1084;  1086;1087;1088;  1090;1091;  1093;1094;1095;  1097;1098;1099;  1101;1102;  1104;1105;  1107;1108;1109;  1111;1112;1113;1114;  1116;1117;  1119;1120;1121;  1123;1124;1125;  1127;1128;1129;  1131;1132;  1134;1135;1136;  1138;1139;1140;  1142;1143;1144;1145;  1147;1148;1149;1150;  1152;1153;  1155;1156;  1158;1159;  1161;1162;  1164;1165;1166;1167;  1169;1170;  1172;1173;1174;1175;  1177;1178;1179;  1181;1182;1183;  1185;1186;  1188;1189;1190;  1192;1193;1194;  1196;1197;  1199;1200;1201;  1203;1204;1205;  1207;1208;1209;  1211;1212;1213;1214;  1216;1217;1218;  1220;1221;  1223;1224;  1226;1227;  1229;1230;1231;1232;  1234;1235;1236;  1238;1239;  1241;1242;  1244;1245;1246;  1248;1249;  1251;1252;1253;1254;  1256;1257;  1259;1260;  1262;1263;  1265;1266;  1268;1269;1270;1271;  1273;1274;  1276;1277;1278;  1280;1281;  1283;1284;  1286;1287;1288;1289;  1291;1292;1293;1294;  1296;1297;  1299;1300;  1302;1303;1304;  1306;1307;1308;  1310;1311;  1313;1314;1315;  1317;1318;  1320;1321;  1323;1324;  1326;1327;1328;  1330;1331;  1333;1334;1335;  1337;1338;  1340;1341;  1343;1344;  1346;1347;  1349;1350;1351;1352;  1354;1355;  1357;1358;1359;1360;  1362;1363;  1365;1366;1367;  1369;1370;1371;1372;  1374;1375;  1377;1378;1379;  1381;1382;1383;1384;  1386;1387;  1389;1390;  1392;1393;  1395;1396;1397;1398;  1400;1401;1402;  1404;1405;1406;  1408;1409;  1411;1412;1413;  1415;1416;1417;1418;  1420;1421;1422;  1424;1425;  1427;1428;1429;1430;  1432;1433;1434;1435;  1437;1438;  1440;1441;  1443;1444;  1446;1447;1448;  1450;1451;1452;  1454;1455;  1457;1458;1459;  1461;1462;1463;  1465;1466;1467;1468;  1470;1471;1472;  1474;1475;  1477;1478;  1480;1481;1482;1483;  1485;1486;1487;1488;  1490;1491;1492;1493;  1495;1496;  1498;1499;  1501;1502;1503;  1505;1506;  1508;1509;  1511;1512;1513;1514;  1516;1517;  1519;1520;1521;1522;  1524;1525;1526;1527;  1529;1530;  1532;1533;1534;  1536;1537;  1539;1540;1541;1542;  1544;1545;1546;1547;  1549;1550;  1552;1553;1554;  1556;1557;1558;1559;  1561;1562;1563;  1565;1566;  1568;1569;  1571;1572;  1574;1575;1576;  1578;1579;  1581;1582;1583;1584;  1586;1587;1588;  1590;1591;  1593;1594;  1596;1597;1598;1599;  
                      
__

Adding 3200 elements sorted: 
Time: 0.845 seconds
                                729;1458;2187;  
                                / / \ \ 
                              243;486;  972;1215;  1701;1944;  2430;2673;2916;  
                              / | \ / | \ / | \ / / \ \ 
                            81;162;  324;405;  567;648;  810;891;  1053;1134;  1296;1377;  1539;1620;  1782;1863;  2025;2106;  2268;2349;  2511;2592;  2754;2835;  2997;3078;  
                            / | \ / | \ / | \ / | \ / | \ / | \ / | \ / | \ / | \ / | \ / | \ / | \ / | \ 
                          27;54;  108;135;  189;216;  270;297;  351;378;  432;459;  513;540;  594;621;  675;702;  756;783;  837;864;  918;945;  999;1026;  1080;1107;  1161;1188;  1242;1269;  1323;1350;  1404;1431;  1485;1512;  1566;1593;  1647;1674;  1728;1755;  1809;1836;  1890;1917;  1971;1998;  2052;2079;  2133;2160;  2214;2241;  2295;2322;  2376;2403;  2457;2484;  2538;2565;  2619;2646;  2700;2727;  2781;2808;  2862;2889;  2943;2970;  3024;3051;  3105;3132;3159;  
                          / | \ / | \ / | \ / | \ / | \ / | \ / | \ / | \ / | \ / | \ / | \ / | \ / | \ / | \ / | \ / | \ / | \ / | \ / | \ / | \ / | \ / | \ / | \ / | \ / | \ / | \ / | \ / | \ / | \ / | \ / | \ / | \ / | \ / | \ / | \ / | \ / | \ / | \ / / \ \ 
                        9;18;  36;45;  63;72;  90;99;  117;126;  144;153;  171;180;  198;207;  225;234;  252;261;  279;288;  306;315;  333;342;  360;369;  387;396;  414;423;  441;450;  468;477;  495;504;  522;531;  549;558;  576;585;  603;612;  630;639;  657;666;  684;693;  711;720;  738;747;  765;774;  792;801;  819;828;  846;855;  873;882;  900;909;  927;936;  954;963;  981;990;  1008;1017;  1035;1044;  1062;1071;  1089;1098;  1116;1125;  1143;1152;  1170;1179;  1197;1206;  1224;1233;  1251;1260;  1278;1287;  1305;1314;  1332;1341;  1359;1368;  1386;1395;  1413;1422;  1440;1449;  1467;1476;  1494;1503;  1521;1530;  1548;1557;  1575;1584;  1602;1611;  1629;1638;  1656;1665;  1683;1692;  1710;1719;  1737;1746;  1764;1773;  1791;1800;  1818;1827;  1845;1854;  1872;1881;  1899;1908;  1926;1935;  1953;1962;  1980;1989;  2007;2016;  2034;2043;  2061;2070;  2088;2097;  2115;2124;  2142;2151;  2169;2178;  2196;2205;  2223;2232;  2250;2259;  2277;2286;  2304;2313;  2331;2340;  2358;2367;  2385;2394;  2412;2421;  2439;2448;  2466;2475;  2493;2502;  2520;2529;  2547;2556;  2574;2583;  2601;2610;  2628;2637;  2655;2664;  2682;2691;  2709;2718;  2736;2745;  2763;2772;  2790;2799;  2817;2826;  2844;2853;  2871;2880;  2898;2907;  2925;2934;  2952;2961;  2979;2988;  3006;3015;  3033;3042;  3060;3069;  3087;3096;  3114;3123;  3141;3150;  3168;3177;3186;  
                        / | \ / | \ / | \ / | \ / | \ / | \ / | \ / | \ / | \ / | \ / | \ / | \ / | \ / | \ / | \ / | \ / | \ / | \ / | \ / | \ / | \ / | \ / | \ / | \ / | \ / | \ / | \ / | \ / | \ / | \ / | \ / | \ / | \ / | \ / | \ / | \ / | \ / | \ / | \ / | \ / | \ / | \ / | \ / | \ / | \ / | \ / | \ / | \ / | \ / | \ / | \ / | \ / | \ / | \ / | \ / | \ / | \ / | \ / | \ / | \ / | \ / | \ / | \ / | \ / | \ / | \ / | \ / | \ / | \ / | \ / | \ / | \ / | \ / | \ / | \ / | \ / | \ / | \ / | \ / | \ / | \ / | \ / | \ / | \ / | \ / | \ / | \ / | \ / | \ / | \ / | \ / | \ / | \ / | \ / | \ / | \ / | \ / | \ / | \ / | \ / | \ / | \ / | \ / | \ / | \ / | \ / | \ / | \ / | \ / | \ / | \ / | \ / | \ / | \ / | \ / | \ / | \ / / \ \ 
                      3;6;  12;15;  21;24;  30;33;  39;42;  48;51;  57;60;  66;69;  75;78;  84;87;  93;96;  102;105;  111;114;  120;123;  129;132;  138;141;  147;150;  156;159;  165;168;  174;177;  183;186;  192;195;  201;204;  210;213;  219;222;  228;231;  237;240;  246;249;  255;258;  264;267;  273;276;  282;285;  291;294;  300;303;  309;312;  318;321;  327;330;  336;339;  345;348;  354;357;  363;366;  372;375;  381;384;  390;393;  399;402;  408;411;  417;420;  426;429;  435;438;  444;447;  453;456;  462;465;  471;474;  480;483;  489;492;  498;501;  507;510;  516;519;  525;528;  534;537;  543;546;  552;555;  561;564;  570;573;  579;582;  588;591;  597;600;  606;609;  615;618;  624;627;  633;636;  642;645;  651;654;  660;663;  669;672;  678;681;  687;690;  696;699;  705;708;  714;717;  723;726;  732;735;  741;744;  750;753;  759;762;  768;771;  777;780;  786;789;  795;798;  804;807;  813;816;  822;825;  831;834;  840;843;  849;852;  858;861;  867;870;  876;879;  885;888;  894;897;  903;906;  912;915;  921;924;  930;933;  939;942;  948;951;  957;960;  966;969;  975;978;  984;987;  993;996;  1002;1005;  1011;1014;  1020;1023;  1029;1032;  1038;1041;  1047;1050;  1056;1059;  1065;1068;  1074;1077;  1083;1086;  1092;1095;  1101;1104;  1110;1113;  1119;1122;  1128;1131;  1137;1140;  1146;1149;  1155;1158;  1164;1167;  1173;1176;  1182;1185;  1191;1194;  1200;1203;  1209;1212;  1218;1221;  1227;1230;  1236;1239;  1245;1248;  1254;1257;  1263;1266;  1272;1275;  1281;1284;  1290;1293;  1299;1302;  1308;1311;  1317;1320;  1326;1329;  1335;1338;  1344;1347;  1353;1356;  1362;1365;  1371;1374;  1380;1383;  1389;1392;  1398;1401;  1407;1410;  1416;1419;  1425;1428;  1434;1437;  1443;1446;  1452;1455;  1461;1464;  1470;1473;  1479;1482;  1488;1491;  1497;1500;  1506;1509;  1515;1518;  1524;1527;  1533;1536;  1542;1545;  1551;1554;  1560;1563;  1569;1572;  1578;1581;  1587;1590;  1596;1599;  1605;1608;  1614;1617;  1623;1626;  1632;1635;  1641;1644;  1650;1653;  1659;1662;  1668;1671;  1677;1680;  1686;1689;  1695;1698;  1704;1707;  1713;1716;  1722;1725;  1731;1734;  1740;1743;  1749;1752;  1758;1761;  1767;1770;  1776;1779;  1785;1788;  1794;1797;  1803;1806;  1812;1815;  1821;1824;  1830;1833;  1839;1842;  1848;1851;  1857;1860;  1866;1869;  1875;1878;  1884;1887;  1893;1896;  1902;1905;  1911;1914;  1920;1923;  1929;1932;  1938;1941;  1947;1950;  1956;1959;  1965;1968;  1974;1977;  1983;1986;  1992;1995;  2001;2004;  2010;2013;  2019;2022;  2028;2031;  2037;2040;  2046;2049;  2055;2058;  2064;2067;  2073;2076;  2082;2085;  2091;2094;  2100;2103;  2109;2112;  2118;2121;  2127;2130;  2136;2139;  2145;2148;  2154;2157;  2163;2166;  2172;2175;  2181;2184;  2190;2193;  2199;2202;  2208;2211;  2217;2220;  2226;2229;  2235;2238;  2244;2247;  2253;2256;  2262;2265;  2271;2274;  2280;2283;  2289;2292;  2298;2301;  2307;2310;  2316;2319;  2325;2328;  2334;2337;  2343;2346;  2352;2355;  2361;2364;  2370;2373;  2379;2382;  2388;2391;  2397;2400;  2406;2409;  2415;2418;  2424;2427;  2433;2436;  2442;2445;  2451;2454;  2460;2463;  2469;2472;  2478;2481;  2487;2490;  2496;2499;  2505;2508;  2514;2517;  2523;2526;  2532;2535;  2541;2544;  2550;2553;  2559;2562;  2568;2571;  2577;2580;  2586;2589;  2595;2598;  2604;2607;  2613;2616;  2622;2625;  2631;2634;  2640;2643;  2649;2652;  2658;2661;  2667;2670;  2676;2679;  2685;2688;  2694;2697;  2703;2706;  2712;2715;  2721;2724;  2730;2733;  2739;2742;  2748;2751;  2757;2760;  2766;2769;  2775;2778;  2784;2787;  2793;2796;  2802;2805;  2811;2814;  2820;2823;  2829;2832;  2838;2841;  2847;2850;  2856;2859;  2865;2868;  2874;2877;  2883;2886;  2892;2895;  2901;2904;  2910;2913;  2919;2922;  2928;2931;  2937;2940;  2946;2949;  2955;2958;  2964;2967;  2973;2976;  2982;2985;  2991;2994;  3000;3003;  3009;3012;  3018;3021;  3027;3030;  3036;3039;  3045;3048;  3054;3057;  3063;3066;  3072;3075;  3081;3084;  3090;3093;  3099;3102;  3108;3111;  3117;3120;  3126;3129;  3135;3138;  3144;3147;  3153;3156;  3162;3165;  3171;3174;  3180;3183;  3189;3192;3195;3198;  
                      / | \ / | \ / | \ / | \ / | \ / | \ / | \ / | \ / | \ / | \ / | \ / | \ / | \ / | \ / | \ / | \ / | \ / | \ / | \ / | \ / | \ / | \ / | \ / | \ / | \ / | \ / | \ / | \ / | \ / | \ / | \ / | \ / | \ / | \ / | \ / | \ / | \ / | \ / | \ / | \ / | \ / | \ / | \ / | \ / | \ / | \ / | \ / | \ / | \ / | \ / | \ / | \ / | \ / | \ / | \ / | \ / | \ / | \ / | \ / | \ / | \ / | \ / | \ / | \ / | \ / | \ / | \ / | \ / | \ / | \ / | \ / | \ / | \ / | \ / | \ / | \ / | \ / | \ / | \ / | \ / | \ / | \ / | \ / | \ / | \ / | \ / | \ / | \ / | \ / | \ / | \ / | \ / | \ / | \ / | \ / | \ / | \ / | \ / | \ / | \ / | \ / | \ / | \ / | \ / | \ / | \ / | \ / | \ / | \ / | \ / | \ / | \ / | \ / | \ / | \ / | \ / | \ / | \ / | \ / | \ / | \ / | \ / | \ / | \ / | \ / | \ / | \ / | \ / | \ / | \ / | \ / | \ / | \ / | \ / | \ / | \ / | \ / | \ / | \ / | \ / | \ / | \ / | \ / | \ / | \ / | \ / | \ / | \ / | \ / | \ / | \ / | \ / | \ / | \ / | \ / | \ / | \ / | \ / | \ / | \ / | \ / | \ / | \ / | \ / | \ / | \ / | \ / | \ / | \ / | \ / | \ / | \ / | \ / | \ / | \ / | \ / | \ / | \ / | \ / | \ / | \ / | \ / | \ / | \ / | \ / | \ / | \ / | \ / | \ / | \ / | \ / | \ / | \ / | \ / | \ / | \ / | \ / | \ / | \ / | \ / | \ / | \ / | \ / | \ / | \ / | \ / | \ / | \ / | \ / | \ / | \ / | \ / | \ / | \ / | \ / | \ / | \ / | \ / | \ / | \ / | \ / | \ / | \ / | \ / | \ / | \ / | \ / | \ / | \ / | \ / | \ / | \ / | \ / | \ / | \ / | \ / | \ / | \ / | \ / | \ / | \ / | \ / | \ / | \ / | \ / | \ / | \ / | \ / | \ / | \ / | \ / | \ / | \ / | \ / | \ / | \ / | \ / | \ / | \ / | \ / | \ / | \ / | \ / | \ / | \ / | \ / | \ / | \ / | \ / | \ / | \ / | \ / | \ / | \ / | \ / | \ / | \ / | \ / | \ / | \ / | \ / | \ / | \ / | \ / | \ / | \ / | \ / | \ / | \ / | \ / | \ / | \ / | \ / | \ / | \ / | \ / | \ / | \ / | \ / | \ / | \ / | \ / | \ / | \ / | \ / | \ / | \ / | \ / | \ / | \ / | \ / | \ / | \ / | \ / | \ / | \ / | \ / | \ / | \ / | \ / | \ / | \ / | \ / | \ / | \ / | \ / | \ / | \ / | \ / | \ / | \ / | \ / | \ / | \ / | \ / | \ / | \ / | \ / | \ / | \ / | \ / | \ / | \ / | \ / | \ / | \ / | \ / | \ / | \ / | \ / | \ / | \ / | \ / | \ / / | \ \ 
                    1;2;  4;5;  7;8;  10;11;  13;14;  16;17;  19;20;  22;23;  25;26;  28;29;  31;32;  34;35;  37;38;  40;41;  43;44;  46;47;  49;50;  52;53;  55;56;  58;59;  61;62;  64;65;  67;68;  70;71;  73;74;  76;77;  79;80;  82;83;  85;86;  88;89;  91;92;  94;95;  97;98;  100;101;  103;104;  106;107;  109;110;  112;113;  115;116;  118;119;  121;122;  124;125;  127;128;  130;131;  133;134;  136;137;  139;140;  142;143;  145;146;  148;149;  151;152;  154;155;  157;158;  160;161;  163;164;  166;167;  169;170;  172;173;  175;176;  178;179;  181;182;  184;185;  187;188;  190;191;  193;194;  196;197;  199;200;  202;203;  205;206;  208;209;  211;212;  214;215;  217;218;  220;221;  223;224;  226;227;  229;230;  232;233;  235;236;  238;239;  241;242;  244;245;  247;248;  250;251;  253;254;  256;257;  259;260;  262;263;  265;266;  268;269;  271;272;  274;275;  277;278;  280;281;  283;284;  286;287;  289;290;  292;293;  295;296;  298;299;  301;302;  304;305;  307;308;  310;311;  313;314;  316;317;  319;320;  322;323;  325;326;  328;329;  331;332;  334;335;  337;338;  340;341;  343;344;  346;347;  349;350;  352;353;  355;356;  358;359;  361;362;  364;365;  367;368;  370;371;  373;374;  376;377;  379;380;  382;383;  385;386;  388;389;  391;392;  394;395;  397;398;  400;401;  403;404;  406;407;  409;410;  412;413;  415;416;  418;419;  421;422;  424;425;  427;428;  430;431;  433;434;  436;437;  439;440;  442;443;  445;446;  448;449;  451;452;  454;455;  457;458;  460;461;  463;464;  466;467;  469;470;  472;473;  475;476;  478;479;  481;482;  484;485;  487;488;  490;491;  493;494;  496;497;  499;500;  502;503;  505;506;  508;509;  511;512;  514;515;  517;518;  520;521;  523;524;  526;527;  529;530;  532;533;  535;536;  538;539;  541;542;  544;545;  547;548;  550;551;  553;554;  556;557;  559;560;  562;563;  565;566;  568;569;  571;572;  574;575;  577;578;  580;581;  583;584;  586;587;  589;590;  592;593;  595;596;  598;599;  601;602;  604;605;  607;608;  610;611;  613;614;  616;617;  619;620;  622;623;  625;626;  628;629;  631;632;  634;635;  637;638;  640;641;  643;644;  646;647;  649;650;  652;653;  655;656;  658;659;  661;662;  664;665;  667;668;  670;671;  673;674;  676;677;  679;680;  682;683;  685;686;  688;689;  691;692;  694;695;  697;698;  700;701;  703;704;  706;707;  709;710;  712;713;  715;716;  718;719;  721;722;  724;725;  727;728;  730;731;  733;734;  736;737;  739;740;  742;743;  745;746;  748;749;  751;752;  754;755;  757;758;  760;761;  763;764;  766;767;  769;770;  772;773;  775;776;  778;779;  781;782;  784;785;  787;788;  790;791;  793;794;  796;797;  799;800;  802;803;  805;806;  808;809;  811;812;  814;815;  817;818;  820;821;  823;824;  826;827;  829;830;  832;833;  835;836;  838;839;  841;842;  844;845;  847;848;  850;851;  853;854;  856;857;  859;860;  862;863;  865;866;  868;869;  871;872;  874;875;  877;878;  880;881;  883;884;  886;887;  889;890;  892;893;  895;896;  898;899;  901;902;  904;905;  907;908;  910;911;  913;914;  916;917;  919;920;  922;923;  925;926;  928;929;  931;932;  934;935;  937;938;  940;941;  943;944;  946;947;  949;950;  952;953;  955;956;  958;959;  961;962;  964;965;  967;968;  970;971;  973;974;  976;977;  979;980;  982;983;  985;986;  988;989;  991;992;  994;995;  997;998;  1000;1001;  1003;1004;  1006;1007;  1009;1010;  1012;1013;  1015;1016;  1018;1019;  1021;1022;  1024;1025;  1027;1028;  1030;1031;  1033;1034;  1036;1037;  1039;1040;  1042;1043;  1045;1046;  1048;1049;  1051;1052;  1054;1055;  1057;1058;  1060;1061;  1063;1064;  1066;1067;  1069;1070;  1072;1073;  1075;1076;  1078;1079;  1081;1082;  1084;1085;  1087;1088;  1090;1091;  1093;1094;  1096;1097;  1099;1100;  1102;1103;  1105;1106;  1108;1109;  1111;1112;  1114;1115;  1117;1118;  1120;1121;  1123;1124;  1126;1127;  1129;1130;  1132;1133;  1135;1136;  1138;1139;  1141;1142;  1144;1145;  1147;1148;  1150;1151;  1153;1154;  1156;1157;  1159;1160;  1162;1163;  1165;1166;  1168;1169;  1171;1172;  1174;1175;  1177;1178;  1180;1181;  1183;1184;  1186;1187;  1189;1190;  1192;1193;  1195;1196;  1198;1199;  1201;1202;  1204;1205;  1207;1208;  1210;1211;  1213;1214;  1216;1217;  1219;1220;  1222;1223;  1225;1226;  1228;1229;  1231;1232;  1234;1235;  1237;1238;  1240;1241;  1243;1244;  1246;1247;  1249;1250;  1252;1253;  1255;1256;  1258;1259;  1261;1262;  1264;1265;  1267;1268;  1270;1271;  1273;1274;  1276;1277;  1279;1280;  1282;1283;  1285;1286;  1288;1289;  1291;1292;  1294;1295;  1297;1298;  1300;1301;  1303;1304;  1306;1307;  1309;1310;  1312;1313;  1315;1316;  1318;1319;  1321;1322;  1324;1325;  1327;1328;  1330;1331;  1333;1334;  1336;1337;  1339;1340;  1342;1343;  1345;1346;  1348;1349;  1351;1352;  1354;1355;  1357;1358;  1360;1361;  1363;1364;  1366;1367;  1369;1370;  1372;1373;  1375;1376;  1378;1379;  1381;1382;  1384;1385;  1387;1388;  1390;1391;  1393;1394;  1396;1397;  1399;1400;  1402;1403;  1405;1406;  1408;1409;  1411;1412;  1414;1415;  1417;1418;  1420;1421;  1423;1424;  1426;1427;  1429;1430;  1432;1433;  1435;1436;  1438;1439;  1441;1442;  1444;1445;  1447;1448;  1450;1451;  1453;1454;  1456;1457;  1459;1460;  1462;1463;  1465;1466;  1468;1469;  1471;1472;  1474;1475;  1477;1478;  1480;1481;  1483;1484;  1486;1487;  1489;1490;  1492;1493;  1495;1496;  1498;1499;  1501;1502;  1504;1505;  1507;1508;  1510;1511;  1513;1514;  1516;1517;  1519;1520;  1522;1523;  1525;1526;  1528;1529;  1531;1532;  1534;1535;  1537;1538;  1540;1541;  1543;1544;  1546;1547;  1549;1550;  1552;1553;  1555;1556;  1558;1559;  1561;1562;  1564;1565;  1567;1568;  1570;1571;  1573;1574;  1576;1577;  1579;1580;  1582;1583;  1585;1586;  1588;1589;  1591;1592;  1594;1595;  1597;1598;  1600;1601;  1603;1604;  1606;1607;  1609;1610;  1612;1613;  1615;1616;  1618;1619;  1621;1622;  1624;1625;  1627;1628;  1630;1631;  1633;1634;  1636;1637;  1639;1640;  1642;1643;  1645;1646;  1648;1649;  1651;1652;  1654;1655;  1657;1658;  1660;1661;  1663;1664;  1666;1667;  1669;1670;  1672;1673;  1675;1676;  1678;1679;  1681;1682;  1684;1685;  1687;1688;  1690;1691;  1693;1694;  1696;1697;  1699;1700;  1702;1703;  1705;1706;  1708;1709;  1711;1712;  1714;1715;  1717;1718;  1720;1721;  1723;1724;  1726;1727;  1729;1730;  1732;1733;  1735;1736;  1738;1739;  1741;1742;  1744;1745;  1747;1748;  1750;1751;  1753;1754;  1756;1757;  1759;1760;  1762;1763;  1765;1766;  1768;1769;  1771;1772;  1774;1775;  1777;1778;  1780;1781;  1783;1784;  1786;1787;  1789;1790;  1792;1793;  1795;1796;  1798;1799;  1801;1802;  1804;1805;  1807;1808;  1810;1811;  1813;1814;  1816;1817;  1819;1820;  1822;1823;  1825;1826;  1828;1829;  1831;1832;  1834;1835;  1837;1838;  1840;1841;  1843;1844;  1846;1847;  1849;1850;  1852;1853;  1855;1856;  1858;1859;  1861;1862;  1864;1865;  1867;1868;  1870;1871;  1873;1874;  1876;1877;  1879;1880;  1882;1883;  1885;1886;  1888;1889;  1891;1892;  1894;1895;  1897;1898;  1900;1901;  1903;1904;  1906;1907;  1909;1910;  1912;1913;  1915;1916;  1918;1919;  1921;1922;  1924;1925;  1927;1928;  1930;1931;  1933;1934;  1936;1937;  1939;1940;  1942;1943;  1945;1946;  1948;1949;  1951;1952;  1954;1955;  1957;1958;  1960;1961;  1963;1964;  1966;1967;  1969;1970;  1972;1973;  1975;1976;  1978;1979;  1981;1982;  1984;1985;  1987;1988;  1990;1991;  1993;1994;  1996;1997;  1999;2000;  2002;2003;  2005;2006;  2008;2009;  2011;2012;  2014;2015;  2017;2018;  2020;2021;  2023;2024;  2026;2027;  2029;2030;  2032;2033;  2035;2036;  2038;2039;  2041;2042;  2044;2045;  2047;2048;  2050;2051;  2053;2054;  2056;2057;  2059;2060;  2062;2063;  2065;2066;  2068;2069;  2071;2072;  2074;2075;  2077;2078;  2080;2081;  2083;2084;  2086;2087;  2089;2090;  2092;2093;  2095;2096;  2098;2099;  2101;2102;  2104;2105;  2107;2108;  2110;2111;  2113;2114;  2116;2117;  2119;2120;  2122;2123;  2125;2126;  2128;2129;  2131;2132;  2134;2135;  2137;2138;  2140;2141;  2143;2144;  2146;2147;  2149;2150;  2152;2153;  2155;2156;  2158;2159;  2161;2162;  2164;2165;  2167;2168;  2170;2171;  2173;2174;  2176;2177;  2179;2180;  2182;2183;  2185;2186;  2188;2189;  2191;2192;  2194;2195;  2197;2198;  2200;2201;  2203;2204;  2206;2207;  2209;2210;  2212;2213;  2215;2216;  2218;2219;  2221;2222;  2224;2225;  2227;2228;  2230;2231;  2233;2234;  2236;2237;  2239;2240;  2242;2243;  2245;2246;  2248;2249;  2251;2252;  2254;2255;  2257;2258;  2260;2261;  2263;2264;  2266;2267;  2269;2270;  2272;2273;  2275;2276;  2278;2279;  2281;2282;  2284;2285;  2287;2288;  2290;2291;  2293;2294;  2296;2297;  2299;2300;  2302;2303;  2305;2306;  2308;2309;  2311;2312;  2314;2315;  2317;2318;  2320;2321;  2323;2324;  2326;2327;  2329;2330;  2332;2333;  2335;2336;  2338;2339;  2341;2342;  2344;2345;  2347;2348;  2350;2351;  2353;2354;  2356;2357;  2359;2360;  2362;2363;  2365;2366;  2368;2369;  2371;2372;  2374;2375;  2377;2378;  2380;2381;  2383;2384;  2386;2387;  2389;2390;  2392;2393;  2395;2396;  2398;2399;  2401;2402;  2404;2405;  2407;2408;  2410;2411;  2413;2414;  2416;2417;  2419;2420;  2422;2423;  2425;2426;  2428;2429;  2431;2432;  2434;2435;  2437;2438;  2440;2441;  2443;2444;  2446;2447;  2449;2450;  2452;2453;  2455;2456;  2458;2459;  2461;2462;  2464;2465;  2467;2468;  2470;2471;  2473;2474;  2476;2477;  2479;2480;  2482;2483;  2485;2486;  2488;2489;  2491;2492;  2494;2495;  2497;2498;  2500;2501;  2503;2504;  2506;2507;  2509;2510;  2512;2513;  2515;2516;  2518;2519;  2521;2522;  2524;2525;  2527;2528;  2530;2531;  2533;2534;  2536;2537;  2539;2540;  2542;2543;  2545;2546;  2548;2549;  2551;2552;  2554;2555;  2557;2558;  2560;2561;  2563;2564;  2566;2567;  2569;2570;  2572;2573;  2575;2576;  2578;2579;  2581;2582;  2584;2585;  2587;2588;  2590;2591;  2593;2594;  2596;2597;  2599;2600;  2602;2603;  2605;2606;  2608;2609;  2611;2612;  2614;2615;  2617;2618;  2620;2621;  2623;2624;  2626;2627;  2629;2630;  2632;2633;  2635;2636;  2638;2639;  2641;2642;  2644;2645;  2647;2648;  2650;2651;  2653;2654;  2656;2657;  2659;2660;  2662;2663;  2665;2666;  2668;2669;  2671;2672;  2674;2675;  2677;2678;  2680;2681;  2683;2684;  2686;2687;  2689;2690;  2692;2693;  2695;2696;  2698;2699;  2701;2702;  2704;2705;  2707;2708;  2710;2711;  2713;2714;  2716;2717;  2719;2720;  2722;2723;  2725;2726;  2728;2729;  2731;2732;  2734;2735;  2737;2738;  2740;2741;  2743;2744;  2746;2747;  2749;2750;  2752;2753;  2755;2756;  2758;2759;  2761;2762;  2764;2765;  2767;2768;  2770;2771;  2773;2774;  2776;2777;  2779;2780;  2782;2783;  2785;2786;  2788;2789;  2791;2792;  2794;2795;  2797;2798;  2800;2801;  2803;2804;  2806;2807;  2809;2810;  2812;2813;  2815;2816;  2818;2819;  2821;2822;  2824;2825;  2827;2828;  2830;2831;  2833;2834;  2836;2837;  2839;2840;  2842;2843;  2845;2846;  2848;2849;  2851;2852;  2854;2855;  2857;2858;  2860;2861;  2863;2864;  2866;2867;  2869;2870;  2872;2873;  2875;2876;  2878;2879;  2881;2882;  2884;2885;  2887;2888;  2890;2891;  2893;2894;  2896;2897;  2899;2900;  2902;2903;  2905;2906;  2908;2909;  2911;2912;  2914;2915;  2917;2918;  2920;2921;  2923;2924;  2926;2927;  2929;2930;  2932;2933;  2935;2936;  2938;2939;  2941;2942;  2944;2945;  2947;2948;  2950;2951;  2953;2954;  2956;2957;  2959;2960;  2962;2963;  2965;2966;  2968;2969;  2971;2972;  2974;2975;  2977;2978;  2980;2981;  2983;2984;  2986;2987;  2989;2990;  2992;2993;  2995;2996;  2998;2999;  3001;3002;  3004;3005;  3007;3008;  3010;3011;  3013;3014;  3016;3017;  3019;3020;  3022;3023;  3025;3026;  3028;3029;  3031;3032;  3034;3035;  3037;3038;  3040;3041;  3043;3044;  3046;3047;  3049;3050;  3052;3053;  3055;3056;  3058;3059;  3061;3062;  3064;3065;  3067;3068;  3070;3071;  3073;3074;  3076;3077;  3079;3080;  3082;3083;  3085;3086;  3088;3089;  3091;3092;  3094;3095;  3097;3098;  3100;3101;  3103;3104;  3106;3107;  3109;3110;  3112;3113;  3115;3116;  3118;3119;  3121;3122;  3124;3125;  3127;3128;  3130;3131;  3133;3134;  3136;3137;  3139;3140;  3142;3143;  3145;3146;  3148;3149;  3151;3152;  3154;3155;  3157;3158;  3160;3161;  3163;3164;  3166;3167;  3169;3170;  3172;3173;  3175;3176;  3178;3179;  3181;3182;  3184;3185;  3187;3188;  3190;3191;  3193;3194;  3196;3197;  3199;3200;  
                    
__

Adding 3200 elements unsorted: 
Time: 0.465 seconds
                                640;1199;2119;2645;  
                                / / | \ \ 
                              193;383;512;  862;1014;  1335;1455;1702;1919;  2295;2497;  2832;3018;  
                              / / \ \ / | \ / / | \ \ / | \ / | \ 
                            40;78;142;  232;303;344;  431;475;  561;602;  693;778;817;  920;957;  1063;1131;1168;  1250;1295;  1375;1412;  1520;1559;1597;1652;  1775;1853;  1958;2013;2079;  2176;2217;2257;  2337;2380;2446;  2549;2592;  2703;2762;  2884;2947;2980;  3096;3134;  
                            / / \ \ / / \ \ / | \ / | \ / / \ \ / | \ / / \ \ / | \ / | \ / / | \ \ / | \ / / \ \ / / \ \ / / \ \ / | \ / | \ / / \ \ / | \ 
                          10;25;  53;65;  96;106;116;128;  154;171;182;  203;212;221;  246;263;279;291;  317;333;  356;370;  399;415;  442;456;465;  485;501;  523;543;  577;587;  611;624;  654;666;679;  710;730;751;765;  788;800;  835;850;  877;890;902;  931;940;  976;997;  1029;1042;1054;  1080;1095;1107;1118;  1141;1152;  1179;1188;  1213;1222;1232;  1260;1270;1281;  1308;1320;  1352;1364;  1389;1401;  1428;1441;  1474;1486;1500;  1534;1545;  1571;1581;  1608;1622;1636;  1662;1673;1689;  1723;1734;1746;1761;  1793;1809;1829;1838;  1863;1875;1889;1907;  1932;1948;  1978;1994;  2029;2045;2063;  2090;2103;  2134;2154;2165;  2189;2205;  2228;2239;2248;  2271;2282;  2310;2324;  2350;2360;2370;  2398;2409;2421;2435;  2458;2477;2487;  2514;2529;  2560;2573;  2607;2618;2629;  2656;2667;2679;2688;  2720;2733;2748;  2777;2795;2806;2817;  2846;2857;2871;  2905;2915;2925;2938;  2958;2968;  2991;3002;  3037;3050;3060;3078;  3109;3121;  3148;3159;3173;3186;  
                          / | \ / | \ / / | \ \ / / \ \ / / \ \ / / | \ \ / | \ / | \ / | \ / / \ \ / | \ / | \ / | \ / | \ / / \ \ / / | \ \ / | \ / | \ / / \ \ / | \ / | \ / / \ \ / / | \ \ / | \ / | \ / / \ \ / / \ \ / | \ / | \ / | \ / | \ / / \ \ / | \ / | \ / / \ \ / / \ \ / / | \ \ / / | \ \ / / | \ \ / | \ / | \ / / \ \ / | \ / / \ \ / | \ / / \ \ / | \ / | \ / / \ \ / / | \ \ / / \ \ / | \ / | \ / / \ \ / / | \ \ / / \ \ / / | \ \ / / \ \ / / | \ \ / | \ / | \ / / | \ \ / | \ / / | \ \ 
                        2;7;  13;16;19;22;  30;34;37;  45;49;  57;61;  70;73;  83;86;89;92;  99;102;  109;112;  121;125;  132;135;138;  145;148;151;  157;160;164;168;  174;178;  185;188;  196;199;  206;209;  215;218;  224;229;  236;239;243;  250;254;257;260;  267;270;273;276;  282;285;288;  296;300;  307;310;313;  322;327;330;  338;341;  347;351;  359;363;367;  375;378;  386;391;394;  403;408;412;  419;422;426;  434;438;  446;450;453;  459;462;  468;472;  478;481;  488;491;496;  506;509;  515;519;  527;532;535;539;  546;549;553;556;  565;569;574;  581;584;  592;597;  605;608;  616;619;  629;632;637;  644;649;  658;663;  669;672;675;  682;686;690;  696;701;704;707;  714;718;721;725;  734;737;742;746;  754;757;760;  768;771;774;  782;785;  793;796;  805;809;812;  820;823;827;831;  838;841;844;847;  853;856;859;  865;868;871;874;  881;884;887;  895;899;  906;910;915;  924;928;  934;937;  944;947;951;954;  961;964;969;972;  980;983;987;992;  1001;1005;1009;  1017;1020;1024;  1032;1035;1038;  1046;1051;  1057;1060;  1067;1072;1077;  1085;1089;1092;  1098;1102;  1110;1114;  1123;1128;  1134;1137;  1144;1148;  1156;1159;1164;  1171;1175;  1182;1185;  1191;1196;  1202;1207;1210;  1216;1219;  1225;1228;  1237;1242;1245;  1253;1256;  1263;1266;  1273;1277;  1284;1288;1291;  1299;1302;1305;  1311;1316;  1323;1326;1329;1332;  1339;1344;1347;  1356;1361;  1368;1372;  1380;1383;1386;  1392;1395;1398;  1404;1407;  1417;1422;1425;  1431;1435;1438;  1444;1447;1450;  1458;1462;1465;1470;  1478;1481;  1490;1494;1497;  1503;1506;1511;1516;  1524;1529;  1537;1542;  1548;1552;1556;  1562;1566;  1574;1578;  1584;1587;1590;1594;  1601;1605;  1611;1615;1618;  1627;1630;1633;  1639;1644;1648;  1655;1658;  1665;1668;  1676;1679;1684;  1692;1695;1699;  1706;1711;1714;1718;  1728;1731;  1738;1741;  1750;1754;1757;  1764;1769;1772;  1778;1782;1787;1790;  1797;1802;1806;  1813;1817;1820;1824;  1832;1835;  1843;1846;1849;  1856;1859;  1866;1869;1872;  1880;1885;  1892;1896;1901;1904;  1912;1916;  1923;1927;  1936;1941;1944;  1951;1954;  1963;1967;1970;1973;  1982;1986;1989;  1999;2002;2006;2009;  2016;2019;2022;2025;  2033;2036;2039;2042;  2050;2055;2059;  2068;2073;2076;  2084;2087;  2095;2098;  2106;2110;2114;  2123;2128;2131;  2139;2143;2148;2151;  2158;2162;  2169;2172;  2179;2182;2185;  2192;2195;2200;  2210;2213;  2220;2225;  2231;2236;  2242;2245;  2251;2254;  2260;2263;2268;  2275;2279;  2285;2289;2292;  2298;2301;2304;2307;  2314;2319;  2327;2332;  2342;2345;  2353;2356;  2363;2367;  2373;2376;  2385;2390;2394;  2402;2406;  2414;2418;  2426;2429;2432;  2438;2441;  2450;2455;  2463;2468;2473;  2480;2484;  2490;2493;  2500;2503;2508;2511;  2518;2521;2524;  2534;2537;2542;2546;  2552;2556;  2564;2567;2570;  2576;2580;2585;2588;  2595;2598;2601;2604;  2612;2615;  2621;2625;  2633;2636;2640;  2649;2652;  2659;2662;  2670;2673;2676;  2682;2685;  2692;2695;2698;  2706;2711;2716;  2725;2730;  2737;2741;2744;  2753;2756;2759;  2767;2770;2774;  2782;2785;2789;2792;  2799;2802;  2811;2814;  2820;2823;2827;  2835;2838;2841;  2850;2853;  2860;2863;2868;  2874;2878;2881;  2889;2893;2897;2900;  2908;2911;  2919;2922;  2930;2935;  2941;2944;  2951;2955;  2962;2965;  2971;2974;2977;  2983;2987;  2994;2998;  3005;3009;3012;3015;  3021;3024;3029;3034;  3040;3043;3046;  3054;3057;  3063;3066;3069;3074;  3082;3086;3091;  3100;3103;3106;  3113;3117;  3125;3128;3131;  3139;3143;  3151;3156;  3163;3167;3170;  3177;3180;3183;  3190;3193;3196;  
                        / | \ / / | \ \ / / \ \ / | \ / | \ / | \ / / | \ \ / | \ / | \ / | \ / / \ \ / / \ \ / / | \ \ / | \ / | \ / | \ / | \ / | \ / | \ / / \ \ / / | \ \ / / | \ \ / / \ \ / | \ / / \ \ / / \ \ / | \ / | \ / / \ \ / | \ / / \ \ / / \ \ / / \ \ / | \ / / \ \ / | \ / | \ / | \ / / \ \ / | \ / | \ / / | \ \ / / | \ \ / / \ \ / | \ / | \ / | \ / | \ / / \ \ / | \ / | \ / / \ \ / / \ \ / / | \ \ / / | \ \ / / | \ \ / / \ \ / / \ \ / | \ / | \ / / \ \ / / | \ \ / / | \ \ / / \ \ / / | \ \ / / \ \ / | \ / / \ \ / | \ / | \ / / | \ \ / / | \ \ / / | \ \ / / \ \ / / \ \ / / \ \ / | \ / | \ / / \ \ / / \ \ / | \ / | \ / | \ / | \ / | \ / / \ \ / | \ / | \ / | \ / / \ \ / | \ / | \ / / \ \ / | \ / | \ / | \ / / \ \ / / \ \ / | \ / / | \ \ / / \ \ / | \ / | \ / / \ \ / / \ \ / | \ / / \ \ / / \ \ / / \ \ / / | \ \ / | \ / / \ \ / / | \ \ / | \ / | \ / / \ \ / | \ / | \ / / | \ \ / | \ / / \ \ / / \ \ / / \ \ / | \ / | \ / / \ \ / / \ \ / / | \ \ / | \ / | \ / / \ \ / / \ \ / / | \ \ / / \ \ / / | \ \ / | \ / / \ \ / | \ / / \ \ / | \ / / | \ \ / | \ / | \ / / \ \ / | \ / / | \ \ / / \ \ / / | \ \ / / | \ \ / / | \ \ / / \ \ / / \ \ / | \ / | \ / / \ \ / / \ \ / / | \ \ / | \ / | \ / / \ \ / / \ \ / | \ / | \ / | \ / | \ / | \ / / \ \ / | \ / / \ \ / / | \ \ / | \ / | \ / | \ / | \ / | \ / | \ / / \ \ / | \ / | \ / / \ \ / | \ / | \ / / \ \ / | \ / | \ / / | \ \ / / \ \ / / | \ \ / | \ / / \ \ / / | \ \ / / | \ \ / | \ / | \ / / \ \ / | \ / | \ / / \ \ / | \ / / \ \ / / \ \ / | \ / / \ \ / / \ \ / / \ \ / / | \ \ / | \ / | \ / / \ \ / / \ \ / | \ / / \ \ / / \ \ / / | \ \ / | \ / | \ / | \ / | \ / | \ / | \ / / \ \ / | \ / | \ / / | \ \ / / | \ \ / / \ \ / | \ / / | \ \ / / \ \ / / \ \ / | \ / / \ \ / | \ / | \ / / \ \ / / \ \ / / \ \ 
                      0;1;  3;4;5;6;  8;9;  11;12;  14;15;  17;18;  20;21;  23;24;  26;27;28;29;  31;32;33;  35;36;  38;39;  41;42;43;44;  46;47;48;  50;51;52;  54;55;56;  58;59;60;  62;63;64;  66;67;68;69;  71;72;  74;75;76;77;  79;80;81;82;  84;85;  87;88;  90;91;  93;94;95;  97;98;  100;101;  103;104;105;  107;108;  110;111;  113;114;115;  117;118;119;120;  122;123;124;  126;127;  129;130;131;  133;134;  136;137;  139;140;141;  143;144;  146;147;  149;150;  152;153;  155;156;  158;159;  161;162;163;  165;166;167;  169;170;  172;173;  175;176;177;  179;180;181;  183;184;  186;187;  189;190;191;192;  194;195;  197;198;  200;201;202;  204;205;  207;208;  210;211;  213;214;  216;217;  219;220;  222;223;  225;226;227;228;  230;231;  233;234;235;  237;238;  240;241;242;  244;245;  247;248;249;  251;252;253;  255;256;  258;259;  261;262;  264;265;266;  268;269;  271;272;  274;275;  277;278;  280;281;  283;284;  286;287;  289;290;  292;293;294;295;  297;298;299;  301;302;  304;305;306;  308;309;  311;312;  314;315;316;  318;319;320;321;  323;324;325;326;  328;329;  331;332;  334;335;336;337;  339;340;  342;343;  345;346;  348;349;350;  352;353;354;355;  357;358;  360;361;362;  364;365;366;  368;369;  371;372;373;374;  376;377;  379;380;381;382;  384;385;  387;388;389;390;  392;393;  395;396;397;398;  400;401;402;  404;405;406;407;  409;410;411;  413;414;  416;417;418;  420;421;  423;424;425;  427;428;429;430;  432;433;  435;436;437;  439;440;441;  443;444;445;  447;448;449;  451;452;  454;455;  457;458;  460;461;  463;464;  466;467;  469;470;471;  473;474;  476;477;  479;480;  482;483;484;  486;487;  489;490;  492;493;494;495;  497;498;499;500;  502;503;504;505;  507;508;  510;511;  513;514;  516;517;518;  520;521;522;  524;525;526;  528;529;530;531;  533;534;  536;537;538;  540;541;542;  544;545;  547;548;  550;551;552;  554;555;  557;558;559;560;  562;563;564;  566;567;568;  570;571;572;573;  575;576;  578;579;580;  582;583;  585;586;  588;589;590;591;  593;594;595;596;  598;599;600;601;  603;604;  606;607;  609;610;  612;613;614;615;  617;618;  620;621;622;623;  625;626;627;628;  630;631;  633;634;635;636;  638;639;  641;642;643;  645;646;647;648;  650;651;652;653;  655;656;657;  659;660;661;662;  664;665;  667;668;  670;671;  673;674;  676;677;678;  680;681;  683;684;685;  687;688;689;  691;692;  694;695;  697;698;699;700;  702;703;  705;706;  708;709;  711;712;713;  715;716;717;  719;720;  722;723;724;  726;727;728;729;  731;732;733;  735;736;  738;739;740;741;  743;744;745;  747;748;749;750;  752;753;  755;756;  758;759;  761;762;763;764;  766;767;  769;770;  772;773;  775;776;777;  779;780;781;  783;784;  786;787;  789;790;791;792;  794;795;  797;798;799;  801;802;803;804;  806;807;808;  810;811;  813;814;815;816;  818;819;  821;822;  824;825;826;  828;829;830;  832;833;834;  836;837;  839;840;  842;843;  845;846;  848;849;  851;852;  854;855;  857;858;  860;861;  863;864;  866;867;  869;870;  872;873;  875;876;  878;879;880;  882;883;  885;886;  888;889;  891;892;893;894;  896;897;898;  900;901;  903;904;905;  907;908;909;  911;912;913;914;  916;917;918;919;  921;922;923;  925;926;927;  929;930;  932;933;  935;936;  938;939;  941;942;943;  945;946;  948;949;950;  952;953;  955;956;  958;959;960;  962;963;  965;966;967;968;  970;971;  973;974;975;  977;978;979;  981;982;  984;985;986;  988;989;990;991;  993;994;995;996;  998;999;1000;  1002;1003;1004;  1006;1007;1008;  1010;1011;1012;1013;  1015;1016;  1018;1019;  1021;1022;1023;  1025;1026;1027;1028;  1030;1031;  1033;1034;  1036;1037;  1039;1040;1041;  1043;1044;1045;  1047;1048;1049;1050;  1052;1053;  1055;1056;  1058;1059;  1061;1062;  1064;1065;1066;  1068;1069;1070;1071;  1073;1074;1075;1076;  1078;1079;  1081;1082;1083;1084;  1086;1087;1088;  1090;1091;  1093;1094;  1096;1097;  1099;1100;1101;  1103;1104;1105;1106;  1108;1109;  1111;1112;1113;  1115;1116;1117;  1119;1120;1121;1122;  1124;1125;1126;1127;  1129;1130;  1132;1133;  1135;1136;  1138;1139;1140;  1142;1143;  1145;1146;1147;  1149;1150;1151;  1153;1154;1155;  1157;1158;  1160;1161;1162;1163;  1165;1166;1167;  1169;1170;  1172;1173;1174;  1176;1177;1178;  1180;1181;  1183;1184;  1186;1187;  1189;1190;  1192;1193;1194;1195;  1197;1198;  1200;1201;  1203;1204;1205;1206;  1208;1209;  1211;1212;  1214;1215;  1217;1218;  1220;1221;  1223;1224;  1226;1227;  1229;1230;1231;  1233;1234;1235;1236;  1238;1239;1240;1241;  1243;1244;  1246;1247;1248;1249;  1251;1252;  1254;1255;  1257;1258;1259;  1261;1262;  1264;1265;  1267;1268;1269;  1271;1272;  1274;1275;1276;  1278;1279;1280;  1282;1283;  1285;1286;1287;  1289;1290;  1292;1293;1294;  1296;1297;1298;  1300;1301;  1303;1304;  1306;1307;  1309;1310;  1312;1313;1314;1315;  1317;1318;1319;  1321;1322;  1324;1325;  1327;1328;  1330;1331;  1333;1334;  1336;1337;1338;  1340;1341;1342;1343;  1345;1346;  1348;1349;1350;1351;  1353;1354;1355;  1357;1358;1359;1360;  1362;1363;  1365;1366;1367;  1369;1370;1371;  1373;1374;  1376;1377;1378;1379;  1381;1382;  1384;1385;  1387;1388;  1390;1391;  1393;1394;  1396;1397;  1399;1400;  1402;1403;  1405;1406;  1408;1409;1410;1411;  1413;1414;1415;1416;  1418;1419;1420;1421;  1423;1424;  1426;1427;  1429;1430;  1432;1433;1434;  1436;1437;  1439;1440;  1442;1443;  1445;1446;  1448;1449;  1451;1452;1453;1454;  1456;1457;  1459;1460;1461;  1463;1464;  1466;1467;1468;1469;  1471;1472;1473;  1475;1476;1477;  1479;1480;  1482;1483;1484;1485;  1487;1488;1489;  1491;1492;1493;  1495;1496;  1498;1499;  1501;1502;  1504;1505;  1507;1508;1509;1510;  1512;1513;1514;1515;  1517;1518;1519;  1521;1522;1523;  1525;1526;1527;1528;  1530;1531;1532;1533;  1535;1536;  1538;1539;1540;1541;  1543;1544;  1546;1547;  1549;1550;1551;  1553;1554;1555;  1557;1558;  1560;1561;  1563;1564;1565;  1567;1568;1569;1570;  1572;1573;  1575;1576;1577;  1579;1580;  1582;1583;  1585;1586;  1588;1589;  1591;1592;1593;  1595;1596;  1598;1599;1600;  1602;1603;1604;  1606;1607;  1609;1610;  1612;1613;1614;  1616;1617;  1619;1620;1621;  1623;1624;1625;1626;  1628;1629;  1631;1632;  1634;1635;  1637;1638;  1640;1641;1642;1643;  1645;1646;1647;  1649;1650;1651;  1653;1654;  1656;1657;  1659;1660;1661;  1663;1664;  1666;1667;  1669;1670;1671;1672;  1674;1675;  1677;1678;  1680;1681;1682;1683;  1685;1686;1687;1688;  1690;1691;  1693;1694;  1696;1697;1698;  1700;1701;  1703;1704;1705;  1707;1708;1709;1710;  1712;1713;  1715;1716;1717;  1719;1720;1721;1722;  1724;1725;1726;1727;  1729;1730;  1732;1733;  1735;1736;1737;  1739;1740;  1742;1743;1744;1745;  1747;1748;1749;  1751;1752;1753;  1755;1756;  1758;1759;1760;  1762;1763;  1765;1766;1767;1768;  1770;1771;  1773;1774;  1776;1777;  1779;1780;1781;  1783;1784;1785;1786;  1788;1789;  1791;1792;  1794;1795;1796;  1798;1799;1800;1801;  1803;1804;1805;  1807;1808;  1810;1811;1812;  1814;1815;1816;  1818;1819;  1821;1822;1823;  1825;1826;1827;1828;  1830;1831;  1833;1834;  1836;1837;  1839;1840;1841;1842;  1844;1845;  1847;1848;  1850;1851;1852;  1854;1855;  1857;1858;  1860;1861;1862;  1864;1865;  1867;1868;  1870;1871;  1873;1874;  1876;1877;1878;1879;  1881;1882;1883;1884;  1886;1887;1888;  1890;1891;  1893;1894;1895;  1897;1898;1899;1900;  1902;1903;  1905;1906;  1908;1909;1910;1911;  1913;1914;1915;  1917;1918;  1920;1921;1922;  1924;1925;1926;  1928;1929;1930;1931;  1933;1934;1935;  1937;1938;1939;1940;  1942;1943;  1945;1946;1947;  1949;1950;  1952;1953;  1955;1956;1957;  1959;1960;1961;1962;  1964;1965;1966;  1968;1969;  1971;1972;  1974;1975;1976;1977;  1979;1980;1981;  1983;1984;1985;  1987;1988;  1990;1991;1992;1993;  1995;1996;1997;1998;  2000;2001;  2003;2004;2005;  2007;2008;  2010;2011;2012;  2014;2015;  2017;2018;  2020;2021;  2023;2024;  2026;2027;2028;  2030;2031;2032;  2034;2035;  2037;2038;  2040;2041;  2043;2044;  2046;2047;2048;2049;  2051;2052;2053;2054;  2056;2057;2058;  2060;2061;2062;  2064;2065;2066;2067;  2069;2070;2071;2072;  2074;2075;  2077;2078;  2080;2081;2082;2083;  2085;2086;  2088;2089;  2091;2092;2093;2094;  2096;2097;  2099;2100;2101;2102;  2104;2105;  2107;2108;2109;  2111;2112;2113;  2115;2116;2117;2118;  2120;2121;2122;  2124;2125;2126;2127;  2129;2130;  2132;2133;  2135;2136;2137;2138;  2140;2141;2142;  2144;2145;2146;2147;  2149;2150;  2152;2153;  2155;2156;2157;  2159;2160;2161;  2163;2164;  2166;2167;2168;  2170;2171;  2173;2174;2175;  2177;2178;  2180;2181;  2183;2184;  2186;2187;2188;  2190;2191;  2193;2194;  2196;2197;2198;2199;  2201;2202;2203;2204;  2206;2207;2208;2209;  2211;2212;  2214;2215;2216;  2218;2219;  2221;2222;2223;2224;  2226;2227;  2229;2230;  2232;2233;2234;2235;  2237;2238;  2240;2241;  2243;2244;  2246;2247;  2249;2250;  2252;2253;  2255;2256;  2258;2259;  2261;2262;  2264;2265;2266;2267;  2269;2270;  2272;2273;2274;  2276;2277;2278;  2280;2281;  2283;2284;  2286;2287;2288;  2290;2291;  2293;2294;  2296;2297;  2299;2300;  2302;2303;  2305;2306;  2308;2309;  2311;2312;2313;  2315;2316;2317;2318;  2320;2321;2322;2323;  2325;2326;  2328;2329;2330;2331;  2333;2334;2335;2336;  2338;2339;2340;2341;  2343;2344;  2346;2347;2348;2349;  2351;2352;  2354;2355;  2357;2358;2359;  2361;2362;  2364;2365;2366;  2368;2369;  2371;2372;  2374;2375;  2377;2378;2379;  2381;2382;2383;2384;  2386;2387;2388;2389;  2391;2392;2393;  2395;2396;2397;  2399;2400;2401;  2403;2404;2405;  2407;2408;  2410;2411;2412;2413;  2415;2416;2417;  2419;2420;  2422;2423;2424;2425;  2427;2428;  2430;2431;  2433;2434;  2436;2437;  2439;2440;  2442;2443;2444;2445;  2447;2448;2449;  2451;2452;2453;2454;  2456;2457;  2459;2460;2461;2462;  2464;2465;2466;2467;  2469;2470;2471;2472;  2474;2475;2476;  2478;2479;  2481;2482;2483;  2485;2486;  2488;2489;  2491;2492;  2494;2495;2496;  2498;2499;  2501;2502;  2504;2505;2506;2507;  2509;2510;  2512;2513;  2515;2516;2517;  2519;2520;  2522;2523;  2525;2526;2527;2528;  2530;2531;2532;2533;  2535;2536;  2538;2539;2540;2541;  2543;2544;2545;  2547;2548;  2550;2551;  2553;2554;2555;  2557;2558;2559;  2561;2562;2563;  2565;2566;  2568;2569;  2571;2572;  2574;2575;  2577;2578;2579;  2581;2582;2583;2584;  2586;2587;  2589;2590;2591;  2593;2594;  2596;2597;  2599;2600;  2602;2603;  2605;2606;  2608;2609;2610;2611;  2613;2614;  2616;2617;  2619;2620;  2622;2623;2624;  2626;2627;2628;  2630;2631;2632;  2634;2635;  2637;2638;2639;  2641;2642;2643;2644;  2646;2647;2648;  2650;2651;  2653;2654;2655;  2657;2658;  2660;2661;  2663;2664;2665;2666;  2668;2669;  2671;2672;  2674;2675;  2677;2678;  2680;2681;  2683;2684;  2686;2687;  2689;2690;2691;  2693;2694;  2696;2697;  2699;2700;2701;2702;  2704;2705;  2707;2708;2709;2710;  2712;2713;2714;2715;  2717;2718;2719;  2721;2722;2723;2724;  2726;2727;2728;2729;  2731;2732;  2734;2735;2736;  2738;2739;2740;  2742;2743;  2745;2746;2747;  2749;2750;2751;2752;  2754;2755;  2757;2758;  2760;2761;  2763;2764;2765;2766;  2768;2769;  2771;2772;2773;  2775;2776;  2778;2779;2780;2781;  2783;2784;  2786;2787;2788;  2790;2791;  2793;2794;  2796;2797;2798;  2800;2801;  2803;2804;2805;  2807;2808;2809;2810;  2812;2813;  2815;2816;  2818;2819;  2821;2822;  2824;2825;2826;  2828;2829;2830;2831;  2833;2834;  2836;2837;  2839;2840;  2842;2843;2844;2845;  2847;2848;2849;  2851;2852;  2854;2855;2856;  2858;2859;  2861;2862;  2864;2865;2866;2867;  2869;2870;  2872;2873;  2875;2876;2877;  2879;2880;  2882;2883;  2885;2886;2887;2888;  2890;2891;2892;  2894;2895;2896;  2898;2899;  2901;2902;2903;2904;  2906;2907;  2909;2910;  2912;2913;2914;  2916;2917;2918;  2920;2921;  2923;2924;  2926;2927;2928;2929;  2931;2932;2933;2934;  2936;2937;  2939;2940;  2942;2943;  2945;2946;  2948;2949;2950;  2952;2953;2954;  2956;2957;  2959;2960;2961;  2963;2964;  2966;2967;  2969;2970;  2972;2973;  2975;2976;  2978;2979;  2981;2982;  2984;2985;2986;  2988;2989;2990;  2992;2993;  2995;2996;2997;  2999;3000;3001;  3003;3004;  3006;3007;3008;  3010;3011;  3013;3014;  3016;3017;  3019;3020;  3022;3023;  3025;3026;3027;3028;  3030;3031;3032;3033;  3035;3036;  3038;3039;  3041;3042;  3044;3045;  3047;3048;3049;  3051;3052;3053;  3055;3056;  3058;3059;  3061;3062;  3064;3065;  3067;3068;  3070;3071;3072;3073;  3075;3076;3077;  3079;3080;3081;  3083;3084;3085;  3087;3088;3089;3090;  3092;3093;3094;3095;  3097;3098;3099;  3101;3102;  3104;3105;  3107;3108;  3110;3111;3112;  3114;3115;3116;  3118;3119;3120;  3122;3123;3124;  3126;3127;  3129;3130;  3132;3133;  3135;3136;3137;3138;  3140;3141;3142;  3144;3145;3146;3147;  3149;3150;  3152;3153;3154;3155;  3157;3158;  3160;3161;3162;  3164;3165;3166;  3168;3169;  3171;3172;  3174;3175;3176;  3178;3179;  3181;3182;  3184;3185;  3187;3188;3189;  3191;3192;  3194;3195;  3197;3198;3199;  
                      
__

Adding 1 an element: 
The element is successfully removed from the tree, additional removing action is skipped.Time: 0 seconds
__
